qx             qy   <SSQ(qx,qy)> sd(SSQ(qx,qy))
0              0              0              0       0.999333    9.25603e-05
0              0              0              1      -0.999343    5.21407e-05
0              0              1              0      -0.999343    5.21407e-05
0              0              1              1       0.999394     0.00014151
0         1.5708              0              0     5.3382e-05    2.90187e-05
0         1.5708              0              1   -1.91101e-05           -nan
0         1.5708              1              0   -1.91101e-05           -nan
0         1.5708              1              1    4.25875e-05    2.78758e-05
0        3.14159              0              0    2.20807e-05    1.91937e-05
0        3.14159              0              1   -2.65122e-07    1.99262e-05
0        3.14159              1              0   -2.65122e-07    1.99262e-05
0        3.14159              1              1    3.66171e-05    3.02788e-05
0        4.71239              0              0     5.3382e-05    2.90187e-05
0        4.71239              0              1   -1.91101e-05           -nan
0        4.71239              1              0   -1.91101e-05           -nan
0        4.71239              1              1    4.25875e-05    2.78758e-05

1.5708              0              0              0    7.86365e-05    3.38653e-05
1.5708              0              0              1   -5.46435e-05           -nan
1.5708              0              1              0   -5.46435e-05           -nan
1.5708              0              1              1    8.78907e-05    3.73896e-05
1.5708         1.5708              0              0    3.34728e-05     1.4156e-05
1.5708         1.5708              0              1   -4.58119e-06           -nan
1.5708         1.5708              1              0   -4.58119e-06           -nan
1.5708         1.5708              1              1    2.22265e-05     8.1925e-06
1.5708        3.14159              0              0    3.47025e-05    2.41462e-05
1.5708        3.14159              0              1    8.68594e-06    1.01177e-05
1.5708        3.14159              1              0    8.68594e-06    1.01177e-05
1.5708        3.14159              1              1    2.59389e-05    1.02598e-05
1.5708        4.71239              0              0    3.37918e-05    2.13448e-05
1.5708        4.71239              0              1   -1.30225e-05     4.5941e-06
1.5708        4.71239              1              0   -1.30225e-05     4.5941e-06
1.5708        4.71239              1              1    3.04588e-05    1.64611e-05

3.14159              0              0              0    6.78427e-05    6.92308e-05
3.14159              0              0              1    1.18466e-06    1.75438e-05
3.14159              0              1              0    1.18466e-06    1.75438e-05
3.14159              0              1              1    2.84576e-05    2.46098e-05
3.14159         1.5708              0              0    3.56677e-05      1.916e-05
3.14159         1.5708              0              1    5.37474e-06    8.52604e-06
3.14159         1.5708              1              0    5.37474e-06    8.52604e-06
3.14159         1.5708              1              1    1.54451e-05     1.8704e-05
3.14159        3.14159              0              0    3.80801e-05    3.72412e-05
3.14159        3.14159              0              1    2.60299e-05    3.08904e-05
3.14159        3.14159              1              0    2.60299e-05    3.08904e-05
3.14159        3.14159              1              1    9.15703e-05    7.50594e-05
3.14159        4.71239              0              0    3.56677e-05      1.916e-05
3.14159        4.71239              0              1    5.37474e-06    8.52604e-06
3.14159        4.71239              1              0    5.37474e-06    8.52604e-06
3.14159        4.71239              1              1    1.54451e-05     1.8704e-05

4.71239              0              0              0    7.86365e-05    3.38653e-05
4.71239              0              0              1   -5.46435e-05           -nan
4.71239              0              1              0   -5.46435e-05           -nan
4.71239              0              1              1    8.78907e-05    3.73896e-05
4.71239         1.5708              0              0    3.37918e-05    2.13448e-05
4.71239         1.5708              0              1   -1.30225e-05     4.5941e-06
4.71239         1.5708              1              0   -1.30225e-05     4.5941e-06
4.71239         1.5708              1              1    3.04588e-05    1.64611e-05
4.71239        3.14159              0              0    3.47025e-05    2.41462e-05
4.71239        3.14159              0              1    8.68594e-06    1.01177e-05
4.71239        3.14159              1              0    8.68594e-06    1.01177e-05
4.71239        3.14159              1              1    2.59389e-05    1.02598e-05
4.71239        4.71239              0              0    3.34728e-05     1.4156e-05
4.71239        4.71239              0              1   -4.58119e-06           -nan
4.71239        4.71239              1              0   -4.58119e-06           -nan
4.71239        4.71239              1              1    2.22265e-05     8.1925e-06

