qx             qy   <SSQ(qx,qy)> sd(SSQ(qx,qy))
0              0              0              0      0.0729039     0.00731634
0              0              0              1    -0.00722525     0.00109277
0              0              1              0    -0.00722525     0.00109277
0              0              1              1      0.0721405      0.0202799
0         1.5708              0              0      0.0311935    0.000402127
0         1.5708              0              1    -0.00269803           -nan
0         1.5708              1              0    -0.00269803           -nan
0         1.5708              1              1      0.0590474      0.0048129
0        3.14159              0              0       0.155711     0.00634536
0        3.14159              0              1     -0.0366635     0.00193361
0        3.14159              1              0     -0.0366635     0.00193361
0        3.14159              1              1      0.0574249       0.001311
0        4.71239              0              0      0.0311935    0.000402127
0        4.71239              0              1    -0.00269803           -nan
0        4.71239              1              0    -0.00269803           -nan
0        4.71239              1              1      0.0590474      0.0048129

1.5708              0              0              0       0.136363     0.00825963
1.5708              0              0              1      0.0532166       0.019289
1.5708              0              1              0      0.0532166       0.019289
1.5708              0              1              1      0.0488001      0.0153543
1.5708         1.5708              0              0      0.0228064     0.00778943
1.5708         1.5708              0              1       -0.02027     0.00688768
1.5708         1.5708              1              0       -0.02027     0.00688768
1.5708         1.5708              1              1      0.0476291     0.00559461
1.5708        3.14159              0              0       0.059503     0.00473738
1.5708        3.14159              0              1     0.00687391           -nan
1.5708        3.14159              1              0     0.00687391           -nan
1.5708        3.14159              1              1      0.0721097     0.00450545
1.5708        4.71239              0              0      0.0360938    0.000987303
1.5708        4.71239              0              1    -0.00920983           -nan
1.5708        4.71239              1              0    -0.00920983           -nan
1.5708        4.71239              1              1      0.0389814     0.00116867

3.14159              0              0              0      0.0842753     0.00426463
3.14159              0              0              1     -0.0550508       0.015693
3.14159              0              1              0     -0.0550508       0.015693
3.14159              0              1              1      0.0802151      0.0149011
3.14159         1.5708              0              0      0.0525783     0.00811615
3.14159         1.5708              0              1      0.0436904           -nan
3.14159         1.5708              1              0      0.0436904           -nan
3.14159         1.5708              1              1      0.0868248      0.0136975
3.14159        3.14159              0              0      0.0100337     0.00129197
3.14159        3.14159              0              1     0.00708078     0.00376994
3.14159        3.14159              1              0     0.00708078     0.00376994
3.14159        3.14159              1              1      0.0834347      0.0165014
3.14159        4.71239              0              0      0.0525783     0.00811615
3.14159        4.71239              0              1      0.0436904           -nan
3.14159        4.71239              1              0      0.0436904           -nan
3.14159        4.71239              1              1      0.0868248      0.0136975

4.71239              0              0              0       0.136363     0.00825963
4.71239              0              0              1      0.0532166       0.019289
4.71239              0              1              0      0.0532166       0.019289
4.71239              0              1              1      0.0488001      0.0153543
4.71239         1.5708              0              0      0.0360938    0.000987303
4.71239         1.5708              0              1    -0.00920983           -nan
4.71239         1.5708              1              0    -0.00920983           -nan
4.71239         1.5708              1              1      0.0389814     0.00116867
4.71239        3.14159              0              0       0.059503     0.00473738
4.71239        3.14159              0              1     0.00687391           -nan
4.71239        3.14159              1              0     0.00687391           -nan
4.71239        3.14159              1              1      0.0721097     0.00450545
4.71239        4.71239              0              0      0.0228064     0.00778943
4.71239        4.71239              0              1       -0.02027     0.00688768
4.71239        4.71239              1              0       -0.02027     0.00688768
4.71239        4.71239              1              1      0.0476291     0.00559461

