qx             qy   <SSQ(qx,qy)> sd(SSQ(qx,qy))
0              0              0              0       0.226435      0.0120609
0              0              0              1       0.191894     0.00891272
0              0              1              0       0.191894     0.00891272
0              0              1              1       0.167382     0.00829237
0         1.5708              0              0      0.0571054      0.0023883
0         1.5708              0              1      0.0300932           -nan
0         1.5708              1              0      0.0300932           -nan
0         1.5708              1              1      0.0534328     0.00180054
0        3.14159              0              0     0.00798453     0.00211063
0        3.14159              0              1    -0.00856303     0.00292119
0        3.14159              1              0    -0.00856303     0.00292119
0        3.14159              1              1      0.0440046     0.00884853
0        4.71239              0              0      0.0571054      0.0023883
0        4.71239              0              1      0.0300932           -nan
0        4.71239              1              0      0.0300932           -nan
0        4.71239              1              1      0.0534328     0.00180054

1.5708              0              0              0      0.0593781      0.0098618
1.5708              0              0              1     0.00252732           -nan
1.5708              0              1              0     0.00252732           -nan
1.5708              0              1              1      0.0170706     0.00567001
1.5708         1.5708              0              0      0.0692848     0.00998998
1.5708         1.5708              0              1      0.0089916           -nan
1.5708         1.5708              1              0      0.0089916           -nan
1.5708         1.5708              1              1      0.0224994    0.000150045
1.5708        3.14159              0              0      0.0687397     0.00475884
1.5708        3.14159              0              1     -0.0215845     0.00532422
1.5708        3.14159              1              0     -0.0215845     0.00532422
1.5708        3.14159              1              1      0.0427659    0.000911484
1.5708        4.71239              0              0      0.0448199     0.00845788
1.5708        4.71239              0              1    -0.00753639           -nan
1.5708        4.71239              1              0    -0.00753639           -nan
1.5708        4.71239              1              1      0.0394502      0.0132473

3.14159              0              0              0     0.00863975     0.00263315
3.14159              0              0              1    -0.00757376      0.0176425
3.14159              0              1              0    -0.00757376      0.0176425
3.14159              0              1              1       0.210912      0.0633976
3.14159         1.5708              0              0      0.0742762     0.00815166
3.14159         1.5708              0              1     -0.0618162           -nan
3.14159         1.5708              1              0     -0.0618162           -nan
3.14159         1.5708              1              1      0.0731319      0.0117463
3.14159        3.14159              0              0     0.00973278     0.00170723
3.14159        3.14159              0              1       0.010709      0.0022692
3.14159        3.14159              1              0       0.010709      0.0022692
3.14159        3.14159              1              1      0.0809996     0.00934625
3.14159        4.71239              0              0      0.0742762     0.00815166
3.14159        4.71239              0              1     -0.0618162           -nan
3.14159        4.71239              1              0     -0.0618162           -nan
3.14159        4.71239              1              1      0.0731319      0.0117463

4.71239              0              0              0      0.0593781      0.0098618
4.71239              0              0              1     0.00252732           -nan
4.71239              0              1              0     0.00252732           -nan
4.71239              0              1              1      0.0170706     0.00567001
4.71239         1.5708              0              0      0.0448199     0.00845788
4.71239         1.5708              0              1    -0.00753639           -nan
4.71239         1.5708              1              0    -0.00753639           -nan
4.71239         1.5708              1              1      0.0394502      0.0132473
4.71239        3.14159              0              0      0.0687397     0.00475884
4.71239        3.14159              0              1     -0.0215845     0.00532422
4.71239        3.14159              1              0     -0.0215845     0.00532422
4.71239        3.14159              1              1      0.0427659    0.000911484
4.71239        4.71239              0              0      0.0692848     0.00998998
4.71239        4.71239              0              1      0.0089916           -nan
4.71239        4.71239              1              0      0.0089916           -nan
4.71239        4.71239              1              1      0.0224994    0.000150045

