qx             qy   <SSQ(qx,qy)> sd(SSQ(qx,qy))
0              0              0              0         0.3765     0.00719422
0              0              0              1       0.308474      0.0198246
0              0              1              0       0.308474      0.0198246
0              0              1              1       0.264096      0.0435904
0         1.5708              0              0      0.0701034     0.00972905
0         1.5708              0              1    -0.00646691     0.00995746
0         1.5708              1              0    -0.00646691     0.00995746
0         1.5708              1              1      0.0728721      0.0104563
0        3.14159              0              0      0.0536206     0.00276564
0        3.14159              0              1    -0.00770785     0.00587687
0        3.14159              1              0    -0.00770785     0.00587687
0        3.14159              1              1      0.0582219      0.0265584
0        4.71239              0              0      0.0701034     0.00972905
0        4.71239              0              1    -0.00646691     0.00995746
0        4.71239              1              0    -0.00646691     0.00995746
0        4.71239              1              1      0.0728721      0.0104563

1.5708              0              0              0      0.0525078     0.00402967
1.5708              0              0              1      -0.022225           -nan
1.5708              0              1              0      -0.022225           -nan
1.5708              0              1              1      0.0685814     0.00167995
1.5708         1.5708              0              0      0.0434422     0.00142492
1.5708         1.5708              0              1    8.68906e-05     0.00682094
1.5708         1.5708              1              0    8.68906e-05     0.00682094
1.5708         1.5708              1              1      0.0443874     0.00122702
1.5708        3.14159              0              0       0.050385     0.00488988
1.5708        3.14159              0              1      0.0229248           -nan
1.5708        3.14159              1              0      0.0229248           -nan
1.5708        3.14159              1              1      0.0614619      0.0165067
1.5708        4.71239              0              0       0.022452     0.00329186
1.5708        4.71239              0              1     0.00672778    0.000172056
1.5708        4.71239              1              0     0.00672778    0.000172056
1.5708        4.71239              1              1      0.0277261      0.0110695

3.14159              0              0              0        0.02601     0.00721831
3.14159              0              0              1     -0.0253114     0.00532822
3.14159              0              1              0     -0.0253114     0.00532822
3.14159              0              1              1      0.0369132     0.00438463
3.14159         1.5708              0              0      0.0292852     0.00244105
3.14159         1.5708              0              1      0.0050581           -nan
3.14159         1.5708              1              0      0.0050581           -nan
3.14159         1.5708              1              1      0.0434056     0.00221344
3.14159        3.14159              0              0     0.00751794     0.00285215
3.14159        3.14159              0              1     0.00191436    0.000905101
3.14159        3.14159              1              0     0.00191436    0.000905101
3.14159        3.14159              1              1     0.00389964     0.00198934
3.14159        4.71239              0              0      0.0292852     0.00244105
3.14159        4.71239              0              1      0.0050581           -nan
3.14159        4.71239              1              0      0.0050581           -nan
3.14159        4.71239              1              1      0.0434056     0.00221344

4.71239              0              0              0      0.0525078     0.00402967
4.71239              0              0              1      -0.022225           -nan
4.71239              0              1              0      -0.022225           -nan
4.71239              0              1              1      0.0685814     0.00167995
4.71239         1.5708              0              0       0.022452     0.00329186
4.71239         1.5708              0              1     0.00672778    0.000172056
4.71239         1.5708              1              0     0.00672778    0.000172056
4.71239         1.5708              1              1      0.0277261      0.0110695
4.71239        3.14159              0              0       0.050385     0.00488988
4.71239        3.14159              0              1      0.0229248           -nan
4.71239        3.14159              1              0      0.0229248           -nan
4.71239        3.14159              1              1      0.0614619      0.0165067
4.71239        4.71239              0              0      0.0434422     0.00142492
4.71239        4.71239              0              1    8.68906e-05     0.00682094
4.71239        4.71239              1              0    8.68906e-05     0.00682094
4.71239        4.71239              1              1      0.0443874     0.00122702

