qx             qy   <SSQ(qx,qy)> sd(SSQ(qx,qy))
0              0              0              0        0.18962      0.0169838
0              0              0              1       0.162288     0.00543411
0              0              1              0       0.162288     0.00543411
0              0              1              1       0.266184      0.0215202
0         1.5708              0              0      0.0164139     0.00245902
0         1.5708              0              1    -0.00255714           -nan
0         1.5708              1              0    -0.00255714           -nan
0         1.5708              1              1      0.0224445     0.00830827
0        3.14159              0              0       0.016059     0.00512208
0        3.14159              0              1     -0.0185543     0.00401267
0        3.14159              1              0     -0.0185543     0.00401267
0        3.14159              1              1      0.0524922      0.0109237
0        4.71239              0              0      0.0164139     0.00245902
0        4.71239              0              1    -0.00255714           -nan
0        4.71239              1              0    -0.00255714           -nan
0        4.71239              1              1      0.0224445     0.00830827

1.5708              0              0              0      0.0434163    0.000364271
1.5708              0              0              1     0.00369966    0.000700347
1.5708              0              1              0     0.00369966    0.000700347
1.5708              0              1              1       0.063582     0.00581294
1.5708         1.5708              0              0      0.0859592     0.00899624
1.5708         1.5708              0              1      0.0353299     0.00231178
1.5708         1.5708              1              0      0.0353299     0.00231178
1.5708         1.5708              1              1      0.0646952     0.00072144
1.5708        3.14159              0              0      0.0404661     0.00389875
1.5708        3.14159              0              1      -0.019273           -nan
1.5708        3.14159              1              0      -0.019273           -nan
1.5708        3.14159              1              1      0.0336564      0.0087721
1.5708        4.71239              0              0       0.053674     0.00743973
1.5708        4.71239              0              1    -0.00790024     0.00212206
1.5708        4.71239              1              0    -0.00790024     0.00212206
1.5708        4.71239              1              1      0.0749096      0.0155016

3.14159              0              0              0      0.0525869      0.0301317
3.14159              0              0              1     -0.0168089     0.00236511
3.14159              0              1              0     -0.0168089     0.00236511
3.14159              0              1              1      0.0176717     0.00173867
3.14159         1.5708              0              0       0.071396       0.010078
3.14159         1.5708              0              1     -0.0311813           -nan
3.14159         1.5708              1              0     -0.0311813           -nan
3.14159         1.5708              1              1      0.0629206      0.0107006
3.14159        3.14159              0              0       0.119083    0.000952523
3.14159        3.14159              0              1     -0.0307392       0.010295
3.14159        3.14159              1              0     -0.0307392       0.010295
3.14159        3.14159              1              1      0.0192353     0.00940779
3.14159        4.71239              0              0       0.071396       0.010078
3.14159        4.71239              0              1     -0.0311813           -nan
3.14159        4.71239              1              0     -0.0311813           -nan
3.14159        4.71239              1              1      0.0629206      0.0107006

4.71239              0              0              0      0.0434163    0.000364271
4.71239              0              0              1     0.00369966    0.000700347
4.71239              0              1              0     0.00369966    0.000700347
4.71239              0              1              1       0.063582     0.00581294
4.71239         1.5708              0              0       0.053674     0.00743973
4.71239         1.5708              0              1    -0.00790024     0.00212206
4.71239         1.5708              1              0    -0.00790024     0.00212206
4.71239         1.5708              1              1      0.0749096      0.0155016
4.71239        3.14159              0              0      0.0404661     0.00389875
4.71239        3.14159              0              1      -0.019273           -nan
4.71239        3.14159              1              0      -0.019273           -nan
4.71239        3.14159              1              1      0.0336564      0.0087721
4.71239        4.71239              0              0      0.0859592     0.00899624
4.71239        4.71239              0              1      0.0353299     0.00231178
4.71239        4.71239              1              0      0.0353299     0.00231178
4.71239        4.71239              1              1      0.0646952     0.00072144

