#seed=20 for mt19937_64 Generator is used
#ix   iy   n_Spin    Theta(x,y)    Phi(x,y)      Moment_Size(x,y)
0              0              0        2.85477        4.49661              1
0              0              1        0.66212        5.00911              1
1              0              0        3.12353        5.14044              1
1              0              1        0.60043        2.40276              1
2              0              0       0.404427        1.51812              1
2              0              1        1.66323        5.26073              1
3              0              0        1.28392        3.16572              1
3              0              1        1.96908        3.45602              1
0              1              0       0.639974        2.31416              1
0              1              1        2.18901        4.56991              1
1              1              0        1.41583       0.588161              1
1              1              1        1.98149        3.15464              1
2              1              0        1.75308       0.776522              1
2              1              1        2.52678         4.6145              1
3              1              0       0.325023        1.82246              1
3              1              1        0.56438        3.78396              1
0              2              0        2.92219        3.24569              1
0              2              1         3.0656        3.73705              1
1              2              0        2.49127        1.05657              1
1              2              1        1.72337        3.89166              1
2              2              0        1.56092        2.43897              1
2              2              1          1.291       0.505163              1
3              2              0        2.35176        5.85341              1
3              2              1       0.787366        1.95024              1
0              3              0       0.535518        4.83761              1
0              3              1        2.23167        5.09373              1
1              3              0        2.17069         5.7943              1
1              3              1        2.98131        2.57518              1
2              3              0       0.815791        2.93342              1
2              3              1        1.35089         4.5726              1
3              3              0        1.30964         3.2927              1
3              3              1        1.43914        5.13235              1
