-5     0.184377     
-4.99     0.186912     
-4.98     0.189506     
-4.97     0.192161     
-4.96     0.194879     
-4.95     0.197662     
-4.94     0.200512     
-4.93     0.203432     
-4.92     0.206424     
-4.91     0.20949     
-4.9     0.212634     
-4.89     0.215857     
-4.88     0.219164     
-4.87     0.222557     
-4.86     0.226039     
-4.85     0.229613     
-4.84     0.233284     
-4.83     0.237054     
-4.82     0.240929     
-4.81     0.244911     
-4.8     0.249005     
-4.79     0.253216     
-4.78     0.257549     
-4.77     0.262008     
-4.76     0.266598     
-4.75     0.271327     
-4.74     0.276199     
-4.73     0.28122     
-4.72     0.286398     
-4.71     0.291739     
-4.7     0.297252     
-4.69     0.302943     
-4.68     0.308821     
-4.67     0.314895     
-4.66     0.321175     
-4.65     0.327671     
-4.64     0.334393     
-4.63     0.341354     
-4.62     0.348564     
-4.61     0.356038     
-4.6     0.36379     
-4.59     0.371834     
-4.58     0.380188     
-4.57     0.388867     
-4.56     0.397891     
-4.55     0.40728     
-4.54     0.417056     
-4.53     0.427242     
-4.52     0.437864     
-4.51     0.448949     
-4.5     0.460527     
-4.49     0.47263     
-4.48     0.485294     
-4.47     0.498558     
-4.46     0.512464     
-4.45     0.527058     
-4.44     0.54239     
-4.43     0.558518     
-4.42     0.575503     
-4.41     0.593413     
-4.4     0.612324     
-4.39     0.63232     
-4.38     0.653496     
-4.37     0.675956     
-4.36     0.699818     
-4.35     0.725216     
-4.34     0.7523     
-4.33     0.781239     
-4.32     0.812228     
-4.31     0.845487     
-4.3     0.881273     
-4.29     0.919876     
-4.28     0.961639     
-4.27     1.00696     
-4.26     1.05629     
-4.25     1.11019     
-4.24     1.1693     
-4.23     1.23439     
-4.22     1.30639     
-4.21     1.38642     
-4.2     1.47584     
-4.19     1.57632     
-4.18     1.68996     
-4.17     1.81932     
-4.16     1.96769     
-4.15     2.13922     
-4.14     2.33926     
-4.13     2.57473     
-4.12     2.85469     
-4.11     3.19107     
-4.1     3.59966     
-4.09     4.10131     
-4.08     4.72328     
-4.07     5.50009     
-4.06     6.47247     
-4.05     7.68034     
-4.04     9.14233     
-4.03     10.8104     
-4.02     12.5     
-4.01     13.8483     
-4     14.4269     
-3.99     14.0341     
-3.98     12.8736     
-3.97     11.3755     
-3.96     9.90474     
-3.95     8.64804     
-3.94     7.6558     
-3.93     6.91209     
-3.92     6.38004     
-3.91     6.02248     
-3.9     5.80905     
-3.89     5.7175     
-3.88     5.733     
-3.87     5.84714     
-3.86     6.05713     
-3.85     6.36532     
-3.84     6.77922     
-3.83     7.3119     
-3.82     7.98296     
-3.81     8.82     
-3.8     9.86073     
-3.79     11.1557     
-3.78     12.7714     
-3.77     14.792     
-3.76     17.3175     
-3.75     20.4483     
-3.74     24.2435     
-3.73     28.6382     
-3.72     33.3403     
-3.71     37.8232     
-3.7     41.5576     
-3.69     44.3794     
-3.68     46.6261     
-3.67     48.8861     
-3.66     51.539     
-3.65     54.3745     
-3.64     56.573     
-3.63     57.1232     
-3.62     55.367     
-3.61     51.2962     
-3.6     45.5377     
-3.59     39.0763     
-3.58     32.8235     
-3.57     27.324     
-3.56     22.751     
-3.55     19.0545     
-3.54     16.0981     
-3.53     13.7342     
-3.52     11.8341     
-3.51     10.2945     
-3.5     9.03554     
-3.49     7.99633     
-3.48     7.13064     
-3.47     6.4032     
-3.46     5.78698     
-3.45     5.26107     
-3.44     4.80915     
-3.43     4.41838     
-3.42     4.07856     
-3.41     3.78155     
-3.4     3.52073     
-3.39     3.29077     
-3.38     3.08727     
-3.37     2.90661     
-3.36     2.74579     
-3.35     2.6023     
-3.34     2.47406     
-3.33     2.3593     
-3.32     2.25652     
-3.31     2.16445     
-3.3     2.08203     
-3.29     2.00834     
-3.28     1.94261     
-3.27     1.88418     
-3.26     1.83249     
-3.25     1.78707     
-3.24     1.74753     
-3.23     1.71357     
-3.22     1.68491     
-3.21     1.66139     
-3.2     1.64285     
-3.19     1.62922     
-3.18     1.62047     
-3.17     1.61665     
-3.16     1.61783     
-3.15     1.62417     
-3.14     1.6359     
-3.13     1.65331     
-3.12     1.67678     
-3.11     1.70679     
-3.1     1.74395     
-3.09     1.78899     
-3.08     1.84282     
-3.07     1.90653     
-3.06     1.98148     
-3.05     2.06933     
-3.04     2.17213     
-3.03     2.29239     
-3.02     2.43327     
-3.01     2.5987     
-3     2.79366     
-2.99     3.02448     
-2.98     3.29927     
-2.97     3.62855     
-2.96     4.026     
-2.95     4.50962     
-2.94     5.10319     
-2.93     5.83813     
-2.92     6.75577     
-2.91     7.90932     
-2.9     9.36406     
-2.89     11.1914     
-2.88     13.4478     
-2.87     16.1249     
-2.86     19.064     
-2.85     21.8793     
-2.84     24.0085     
-2.83     24.9426     
-2.82     24.4529     
-2.81     22.663     
-2.8     20.0148     
-2.79     17.085     
-2.78     14.3277     
-2.77     11.9651     
-2.76     10.041     
-2.75     8.51162     
-2.74     7.30715     
-2.73     6.35985     
-2.72     5.61328     
-2.71     5.02335     
-2.7     4.55667     
-2.69     4.18833     
-2.68     3.89988     
-2.67     3.67786     
-2.66     3.5126     
-2.65     3.39749     
-2.64     3.32839     
-2.63     3.30339     
-2.62     3.32264     
-2.61     3.38846     
-2.6     3.50559     
-2.59     3.6816     
-2.58     3.92765     
-2.57     4.25941     
-2.56     4.69814     
-2.55     5.27175     
-2.54     6.01452     
-2.53     6.96334     
-2.52     8.14491     
-2.51     9.54609     
-2.5     11.0644     
-2.49     12.4654     
-2.48     13.4159     
-2.47     13.6322     
-2.46     13.0431     
-2.45     11.8328     
-2.44     10.3307     
-2.43     8.83596     
-2.42     7.51937     
-2.41     6.43477     
-2.4     5.57141     
-2.39     4.89499     
-2.38     4.36842     
-2.37     3.95956     
-2.36     3.64293     
-2.35     3.39905     
-2.34     3.21336     
-2.33     3.07505     
-2.32     2.97615     
-2.31     2.91086     
-2.3     2.87504     
-2.29     2.86585     
-2.28     2.88148     
-2.27     2.92101     
-2.26     2.98432     
-2.25     3.07199     
-2.24     3.18538     
-2.23     3.32658     
-2.22     3.49859     
-2.21     3.70543     
-2.2     3.95233     
-2.19     4.24608     
-2.18     4.59541     
-2.17     5.0116     
-2.16     5.50921     
-2.15     6.10719     
-2.14     6.83033     
-2.13     7.71119     
-2.12     8.79268     
-2.11     10.1311     
-2.1     11.7993     
-2.09     13.8883     
-2.08     16.5027     
-2.07     19.7411     
-2.06     23.6474     
-2.05     28.1277     
-2.04     32.8742     
-2.03     37.3974     
-2.02     41.1851     
-2.01     43.8027     
-2     44.8603     
-1.99     44.0701     
-1.98     41.4476     
-1.97     37.4006     
-1.96     32.5855     
-1.95     27.6751     
-1.94     23.1703     
-1.93     19.3204     
-1.92     16.1667     
-1.91     13.6367     
-1.9     11.6216     
-1.89     10.0153     
-1.88     8.72818     
-1.87     7.68994     
-1.86     6.84645     
-1.85     6.15669     
-1.84     5.58961     
-1.83     5.12162     
-1.82     4.73481     
-1.81     4.41547     
-1.8     4.15314     
-1.79     3.93987     
-1.78     3.76967     
-1.77     3.63818     
-1.76     3.54238     
-1.75     3.48041     
-1.74     3.45156     
-1.73     3.45617     
-1.72     3.49572     
-1.71     3.573     
-1.7     3.69228     
-1.69     3.8597     
-1.68     4.08374     
-1.67     4.37593     
-1.66     4.75181     
-1.65     5.23207     
-1.64     5.84405     
-1.63     6.62289     
-1.62     7.61156     
-1.61     8.85687     
-1.6     10.3965     
-1.59     12.2307     
-1.58     14.2831     
-1.57     16.3868     
-1.56     18.3482     
-1.55     20.0413     
-1.54     21.3842     
-1.53     22.2309     
-1.52     22.3543     
-1.51     21.5505     
-1.5     19.8088     
-1.49     17.4185     
-1.48     14.8307     
-1.47     12.4118     
-1.46     10.3384     
-1.45     8.64118     
-1.44     7.28     
-1.43     6.1943     
-1.42     5.32592     
-1.41     4.62643     
-1.4     4.05783     
-1.39     3.59107     
-1.38     3.2041     
-1.37     2.8802     
-1.36     2.60662     
-1.35     2.37357     
-1.34     2.17347     
-1.33     2.00039     
-1.32     1.84967     
-1.31     1.71758     
-1.3     1.60115     
-1.29     1.49797     
-1.28     1.40608     
-1.27     1.32385     
-1.26     1.24995     
-1.25     1.18328     
-1.24     1.12289     
-1.23     1.06802     
-1.22     1.01798     
-1.21     0.972224     
-1.2     0.930259     
-1.19     0.891669     
-1.18     0.856095     
-1.17     0.823226     
-1.16     0.792788     
-1.15     0.764545     
-1.14     0.738287     
-1.13     0.713833     
-1.12     0.691019     
-1.11     0.669702     
-1.1     0.649754     
-1.09     0.631063     
-1.08     0.613526     
-1.07     0.597052     
-1.06     0.581561     
-1.05     0.566978     
-1.04     0.553237     
-1.03     0.540279     
-1.02     0.52805     
-1.01     0.5165     
-1     0.505585     
-0.99     0.495264     
-0.98     0.485501     
-0.97     0.476262     
-0.96     0.467516     
-0.95     0.459234     
-0.94     0.451392     
-0.93     0.443966     
-0.92     0.436933     
-0.91     0.430275     
-0.9     0.423973     
-0.89     0.418009     
-0.88     0.41237     
-0.87     0.407041     
-0.86     0.402009     
-0.85     0.397263     
-0.84     0.392791     
-0.83     0.388584     
-0.82     0.384633     
-0.81     0.38093     
-0.8     0.377467     
-0.79     0.374238     
-0.78     0.371237     
-0.77     0.36846     
-0.76     0.3659     
-0.75     0.363555     
-0.74     0.361421     
-0.73     0.359496     
-0.72     0.357777     
-0.71     0.356263     
-0.7     0.354952     
-0.69     0.353845     
-0.68     0.352942     
-0.67     0.352243     
-0.66     0.35175     
-0.65     0.351465     
-0.64     0.351391     
-0.63     0.351531     
-0.62     0.351889     
-0.61     0.352471     
-0.6     0.353281     
-0.59     0.354327     
-0.58     0.355616     
-0.57     0.357156     
-0.56     0.358958     
-0.55     0.361031     
-0.54     0.363389     
-0.53     0.366044     
-0.52     0.369012     
-0.51     0.37231     
-0.5     0.375956     
-0.49     0.379971     
-0.48     0.384378     
-0.47     0.389204     
-0.46     0.394478     
-0.45     0.400231     
-0.44     0.406499     
-0.43     0.413324     
-0.42     0.420751     
-0.41     0.42883     
-0.4     0.437619     
-0.39     0.447182     
-0.38     0.457593     
-0.37     0.468934     
-0.36     0.4813     
-0.35     0.494799     
-0.34     0.509553     
-0.33     0.525704     
-0.32     0.543414     
-0.31     0.562872     
-0.3     0.584295     
-0.29     0.607939     
-0.28     0.634101     
-0.27     0.663131     
-0.26     0.695446     
-0.25     0.731537     
-0.24     0.771993     
-0.23     0.817525     
-0.22     0.868989     
-0.21     0.927432     
-0.2     0.994137     
-0.19     1.07069     
-0.18     1.15907     
-0.17     1.26176     
-0.16     1.38191     
-0.15     1.52356     
-0.14     1.6919     
-0.13     1.89369     
-0.12     2.13784     
-0.11     2.43606     
-0.1     2.80392     
-0.09     3.26205     
-0.08     3.83742     
-0.07     4.56425     
-0.06     5.48292     
-0.05     6.63298     
-0.04     8.0326     
-0.03     9.63327     
-0.02     11.2498     
-0.01     12.5188     
-7.10543e-15     13.0111     
0.01     12.5241     
0.02     11.2604     
0.03     9.64926     
0.04     8.05396     
0.05     6.65974     
0.06     5.51512     
0.07     4.60194     
0.08     3.88065     
0.09     3.3109     
0.1     2.85847     
0.11     2.49638     
0.12     2.20403     
0.13     1.96586     
0.14     1.77016     
0.15     1.60804     
0.16     1.47275     
0.17     1.35911     
0.18     1.26308     
0.19     1.18155     
0.2     1.11203     
0.21     1.05256     
0.22     1.00157     
0.23     0.957794     
0.24     0.920205     
0.25     0.887962     
0.26     0.860376     
0.27     0.836877     
0.28     0.816997     
0.29     0.800344     
0.3     0.786594     
0.31     0.775476     
0.32     0.766765     
0.33     0.760277     
0.34     0.755857     
0.35     0.753381     
0.36     0.752749     
0.37     0.753882     
0.38     0.75672     
0.39     0.761223     
0.4     0.767365     
0.41     0.775136     
0.42     0.78454     
0.43     0.795594     
0.44     0.808332     
0.45     0.8228     
0.46     0.839058     
0.47     0.857182     
0.48     0.877264     
0.49     0.899411     
0.5     0.923753     
0.51     0.950435     
0.52     0.97963     
0.53     1.01153     
0.54     1.04637     
0.55     1.08439     
0.56     1.1259     
0.57     1.17123     
0.58     1.22077     
0.59     1.27497     
0.6     1.33433     
0.61     1.39945     
0.62     1.47103     
0.63     1.54984     
0.64     1.63684     
0.65     1.7331     
0.66     1.83993     
0.67     1.95884     
0.68     2.09164     
0.69     2.24051     
0.7     2.40806     
0.71     2.59745     
0.72     2.81255     
0.73     3.0581     
0.74     3.33999     
0.75     3.66556     
0.76     4.04405     
0.77     4.48723     
0.78     5.01015     
0.79     5.63229     
0.8     6.37905     
0.81     7.28372     
0.82     8.39009     
0.83     9.75559     
0.84     11.4543     
0.85     13.5784     
0.86     16.2324     
0.87     19.5119     
0.88     23.4488     
0.89     27.9187     
0.9     32.5521     
0.91     36.7688     
0.92     40.0026     
0.93     41.9542     
0.94     42.6109     
0.95     42.0216     
0.96     40.1413     
0.97     36.9771     
0.98     32.8114     
0.99     28.198     
1     23.7217     
1.01     19.7659     
1.02     16.466     
1.03     13.7955     
1.04     11.6607     
1.05     9.95655     
1.06     8.59025     
1.07     7.48686     
1.08     6.58829     
1.09     5.85022     
1.1     5.23901     
1.11     4.72902     
1.12     4.30063     
1.13     3.9387     
1.14     3.63149     
1.15     3.36978     
1.16     3.14632     
1.17     2.95536     
1.18     2.79231     
1.19     2.65353     
1.2     2.5361     
1.21     2.43772     
1.22     2.35659     
1.23     2.2913     
1.24     2.24086     
1.25     2.20456     
1.26     2.18201     
1.27     2.17314     
1.28     2.17816     
1.29     2.19757     
1.3     2.23227     
1.31     2.28353     
1.32     2.35308     
1.33     2.44325     
1.34     2.55706     
1.35     2.69844     
1.36     2.87247     
1.37     3.08574     
1.38     3.34685     
1.39     3.66703     
1.4     4.06108     
1.41     4.54855     
1.42     5.15529     
1.43     5.91536     
1.44     6.87273     
1.45     8.08189     
1.46     9.60381     
1.47     11.4907     
1.48     13.748     
1.49     16.2665     
1.5     18.755     
1.51     20.7728     
1.52     21.9345     
1.53     22.1255     
1.54     21.4919     
1.55     20.2756     
1.56     18.6689     
1.57     16.7688     
1.58     14.6666     
1.59     12.5315     
1.6     10.5517     
1.61     8.8425     
1.62     7.4305     
1.63     6.2891     
1.64     5.37278     
1.65     4.63585     
1.66     4.03941     
1.67     3.55253     
1.68     3.15135     
1.69     2.81763     
1.7     2.53749     
1.71     2.30028     
1.72     2.09779     
1.73     1.92365     
1.74     1.77283     
1.75     1.64139     
1.76     1.52615     
1.77     1.42456     
1.78     1.33457     
1.79     1.25448     
1.8     1.18289     
1.81     1.11866     
1.82     1.06081     
1.83     1.00855     
1.84     0.961173     
1.85     0.918115     
1.86     0.878877     
1.87     0.843035     
1.88     0.810224     
1.89     0.780128     
1.9     0.752474     
1.91     0.727022     
1.92     0.703564     
1.93     0.681917     
1.94     0.661921     
1.95     0.643435     
1.96     0.626332     
1.97     0.610502     
1.98     0.595847     
1.99     0.582278     
2     0.569719     
2.01     0.558099     
2.02     0.547357     
2.03     0.537437     
2.04     0.52829     
2.05     0.519872     
2.06     0.512144     
2.07     0.50507     
2.08     0.49862     
2.09     0.492767     
2.1     0.487485     
2.11     0.482755     
2.12     0.478557     
2.13     0.474876     
2.14     0.471699     
2.15     0.469015     
2.16     0.466816     
2.17     0.465095     
2.18     0.463847     
2.19     0.463071     
2.2     0.462767     
2.21     0.462937     
2.22     0.463584     
2.23     0.464714     
2.24     0.466337     
2.25     0.468463     
2.26     0.471104     
2.27     0.474278     
2.28     0.478001     
2.29     0.482295     
2.3     0.487186     
2.31     0.492699     
2.32     0.498868     
2.33     0.505728     
2.34     0.513319     
2.35     0.521687     
2.36     0.530882     
2.37     0.540961     
2.38     0.551989     
2.39     0.564037     
2.4     0.577188     
2.41     0.591532     
2.42     0.607172     
2.43     0.624224     
2.44     0.642821     
2.45     0.663111     
2.46     0.685264     
2.47     0.709473     
2.48     0.73596     
2.49     0.764976     
2.5     0.796815     
2.51     0.831811     
2.52     0.870356     
2.53     0.912901     
2.54     0.959977     
2.55     1.01221     
2.56     1.07032     
2.57     1.13519     
2.58     1.20785     
2.59     1.28954     
2.6     1.38177     
2.61     1.48634     
2.62     1.6055     
2.63     1.74196     
2.64     1.89915     
2.65     2.0813     
2.66     2.2938     
2.67     2.54348     
2.68     2.83912     
2.69     3.1921     
2.7     3.6173     
2.71     4.13428     
2.72     4.7689     
2.73     5.55532     
2.74     6.53828     
2.75     7.77474     
2.76     9.3329     
2.77     11.2829     
2.78     13.6684     
2.79     16.4459     
2.8     19.3928     
2.81     22.0556     
2.82     23.8586     
2.83     24.3613     
2.84     23.4398     
2.85     21.322     
2.86     18.5162     
2.87     15.5853     
2.88     12.9154     
2.89     10.665     
2.9     8.84279     
2.91     7.39222     
2.92     6.24193     
2.93     5.32665     
2.94     4.59321     
2.95     4.00031     
2.96     3.51654     
2.97     3.11812     
2.98     2.78708     
2.99     2.50972     
3     2.27554     
3.01     2.07639     
3.02     1.90596     
3.03     1.75924     
3.04     1.63227     
3.05     1.52189     
3.06     1.42553     
3.07     1.34112     
3.08     1.26695     
3.09     1.20163     
3.1     1.144     
3.11     1.09309     
3.12     1.04811     
3.13     1.00837     
3.14     0.973301     
3.15     0.942433     
3.16     0.915359     
3.17     0.891735     
3.18     0.871275     
3.19     0.853736     
3.2     0.838917     
3.21     0.826651     
3.22     0.816802     
3.23     0.809262     
3.24     0.803951     
3.25     0.800808     
3.26     0.7998     
3.27     0.800912     
3.28     0.804152     
3.29     0.809549     
3.3     0.817155     
3.31     0.827045     
3.32     0.839319     
3.33     0.854103     
3.34     0.871556     
3.35     0.891867     
3.36     0.915267     
3.37     0.942028     
3.38     0.972474     
3.39     1.00699     
3.4     1.04603     
3.41     1.09013     
3.42     1.13993     
3.43     1.1962     
3.44     1.25983     
3.45     1.33192     
3.46     1.41379     
3.47     1.50703     
3.48     1.61358     
3.49     1.73583     
3.5     1.87672     
3.51     2.03993     
3.52     2.23008     
3.53     2.45299     
3.54     2.71615     
3.55     3.02915     
3.56     3.40449     
3.57     3.85855     
3.58     4.4129     
3.59     5.09608     
3.6     5.94574     
3.61     7.01086     
3.62     8.35297     
3.63     10.0434     
3.64     12.1496     
3.65     14.6991     
3.66     17.6093     
3.67     20.5986     
3.68     23.1537     
3.69     24.6501     
3.7     24.6218     
3.71     23.0426     
3.72     20.382     
3.73     17.3218     
3.74     14.3999     
3.75     11.8797     
3.76     9.81842     
3.77     8.17285     
3.78     6.8693     
3.79     5.83533     
3.8     5.01019     
3.81     4.34615     
3.82     3.80681     
3.83     3.3646     
3.84     2.99872     
3.85     2.69337     
3.86     2.43648     
3.87     2.21876     
3.88     2.03299     
3.89     1.87349     
3.9     1.7358     
3.91     1.61634     
3.92     1.51224     
3.93     1.42117     
3.94     1.34124     
3.95     1.2709     
3.96     1.20884     
3.97     1.15401     
3.98     1.10551     
3.99     1.0626     
4     1.02463     
4.01     0.991078     
4.02     0.961492     
4.03     0.935485     
4.04     0.912732     
4.05     0.892952     
4.06     0.875909     
4.07     0.861403     
4.08     0.849262     
4.09     0.839344     
4.1     0.831531     
4.11     0.825724     
4.12     0.821846     
4.13     0.819837     
4.14     0.819652     
4.15     0.821262     
4.16     0.824654     
4.17     0.829829     
4.18     0.836799     
4.19     0.845593     
4.2     0.856254     
4.21     0.868839     
4.22     0.88342     
4.23     0.900087     
4.24     0.918945     
4.25     0.940122     
4.26     0.963764     
4.27     0.990042     
4.28     1.01915     
4.29     1.05133     
4.3     1.08682     
4.31     1.12594     
4.32     1.16902     
4.33     1.21646     
4.34     1.26873     
4.35     1.32634     
4.36     1.3899     
4.37     1.46013     
4.38     1.53785     
4.39     1.62401     
4.4     1.71976     
4.41     1.82642     
4.42     1.94558     
4.43     2.0791     
4.44     2.22925     
4.45     2.39873     
4.46     2.59084     
4.47     2.80957     
4.48     3.05987     
4.49     3.34785     
4.5     3.68112     
4.51     4.06931     
4.52     4.52462     
4.53     5.0627     
4.54     5.70378     
4.55     6.47422     
4.56     7.40864     
4.57     8.55263     
4.58     9.9662     
4.59     11.7274     
4.6     13.9347     
4.61     16.704     
4.62     20.1502     
4.63     24.3368     
4.64     29.1776     
4.65     34.3153     
4.66     39.0955     
4.67     42.7702     
4.68     44.8124     
4.69     45.0114     
4.7     43.341     
4.71     39.9486     
4.72     35.3047     
4.73     30.1541     
4.74     25.2025     
4.75     20.8685     
4.76     17.2783     
4.77     14.3853     
4.78     12.0778     
4.79     10.2374     
4.8     8.76174     
4.81     7.56881     
4.82     6.59548     
4.83     5.79371     
4.84     5.12706     
4.85     4.5678     
4.86     4.09465     
4.87     3.69121     
4.88     3.3447     
4.89     3.04506     
4.9     2.78432     
4.91     2.55612     
4.92     2.35531     
4.93     2.17772     
4.94     2.01994     
4.95     1.87913     
4.96     1.75298     
4.97     1.63952     
4.98     1.53711     
4.99     1.44437     
5     1.36013     
5.01     1.28337     
5.02     1.21325     
5.03     1.14902     
5.04     1.09004     
5.05     1.03575     
5.06     0.98568     
5.07     0.939392     
5.08     0.896521     
5.09     0.856738     
5.1     0.819755     
5.11     0.785317     
5.12     0.753196     
5.13     0.723189     
5.14     0.695118     
5.15     0.668818     
5.16     0.644147     
5.17     0.620973     
5.18     0.599179     
5.19     0.578659     
5.2     0.559316     
5.21     0.541065     
5.22     0.523825     
5.23     0.507526     
5.24     0.492101     
5.25     0.477491     
5.26     0.463641     
5.27     0.450501     
5.28     0.438025     
5.29     0.426172     
5.3     0.414902     
5.31     0.404181     
5.32     0.393974     
5.33     0.384252     
5.34     0.374987     
5.35     0.366154     
5.36     0.357727     
5.37     0.349685     
5.38     0.342008     
5.39     0.334676     
5.4     0.327672     
5.41     0.32098     
5.42     0.314583     
5.43     0.308468     
5.44     0.302623     
5.45     0.297033     
5.46     0.291688     
5.47     0.286578     
5.48     0.281692     
5.49     0.277022     
5.5     0.272558     
5.51     0.268293     
5.52     0.264219     
5.53     0.260329     
5.54     0.256618     
5.55     0.253078     
5.56     0.249706     
5.57     0.246495     
5.58     0.243441     
5.59     0.240539     
5.6     0.237787     
5.61     0.23518     
5.62     0.232716     
5.63     0.23039     
5.64     0.228202     
5.65     0.226149     
5.66     0.224228     
5.67     0.222439     
5.68     0.22078     
5.69     0.219249     
5.7     0.217848     
5.71     0.216575     
5.72     0.21543     
5.73     0.214413     
5.74     0.213526     
5.75     0.212768     
5.76     0.212143     
5.77     0.21165     
5.78     0.211293     
5.79     0.211074     
5.8     0.210995     
5.81     0.211061     
5.82     0.211274     
5.83     0.21164     
5.84     0.212163     
5.85     0.212849     
5.86     0.213704     
5.87     0.214735     
5.88     0.215949     
5.89     0.217355     
5.9     0.218961     
5.91     0.22078     
5.92     0.222821     
5.93     0.225098     
5.94     0.227624     
5.95     0.230414     
5.96     0.233487     
5.97     0.23686     
5.98     0.240554     
5.99     0.244593     
6     0.249002     
6.01     0.25381     
6.02     0.259049     
6.03     0.264754     
6.04     0.270964     
6.05     0.277725     
6.06     0.285085     
6.07     0.293102     
6.08     0.301837     
6.09     0.311363     
6.1     0.32176     
6.11     0.333121     
6.12     0.345549     
6.13     0.359165     
6.14     0.374106     
6.15     0.390531     
6.16     0.408622     
6.17     0.428592     
6.18     0.450689     
6.19     0.475202     
6.2     0.502473     
6.21     0.532904     
6.22     0.566975     
6.23     0.605259     
6.24     0.648445     
6.25     0.697366     
6.26     0.753039     
6.27     0.81671     
6.28     0.889921     
6.29     0.974591     
6.3     1.07313     
6.31     1.18861     
6.32     1.32493     
6.33     1.48714     
6.34     1.6818     
6.35     1.91753     
6.36     2.2057     
6.37     2.56136     
6.38     3.00437     
6.39     3.56055     
6.4     4.26225     
6.41     5.14663     
6.42     6.2478     
6.43     7.57584     
6.44     9.07573     
6.45     10.5761     
6.46     11.7798     
6.47     12.3633     
6.48     12.147     
6.49     11.1986     
6.5     9.79441     
6.51     8.26331     
6.52     6.84037     
6.53     5.62975     
6.54     4.64566     
6.55     3.86155     
6.56     3.24013     
6.57     2.74631     
6.58     2.35119     
6.59     2.03223     
6.6     1.77225     
6.61     1.5583     
6.62     1.38057     
6.63     1.23158     
6.64     1.10565     
6.65     0.998364     
6.66     0.906292     
6.67     0.826738     
6.68     0.757567     
6.69     0.697071     
6.7     0.643871     
6.71     0.596852     
6.72     0.555097     
6.73     0.517853     
6.74     0.484496     
6.75     0.454503     
6.76     0.427438     
6.77     0.402932     
6.78     0.38067     
6.79     0.360386     
6.8     0.341851     
6.81     0.324869     
6.82     0.309269     
6.83     0.294904     
6.84     0.281646     
6.85     0.269382     
6.86     0.258014     
6.87     0.247456     
6.88     0.237631     
6.89     0.228472     
6.9     0.219919     
6.91     0.211918     
6.92     0.204422     
6.93     0.197388     
6.94     0.190779     
6.95     0.184559     
6.96     0.178698     
6.97     0.173167     
6.98     0.167943     
6.99     0.163001     
7     0.158322     
7.01     0.153886     
7.02     0.149675     
7.03     0.145676     
7.04     0.141872     
7.05     0.138251     
7.06     0.134801     
7.07     0.13151     
7.08     0.128369     
7.09     0.125369     
7.1     0.1225     
7.11     0.119754     
7.12     0.117125     
7.13     0.114605     
7.14     0.112188     
7.15     0.109868     
7.16     0.10764     
7.17     0.105499     
7.18     0.10344     
7.19     0.101458     
7.2     0.0995491     
7.21     0.0977102     
7.22     0.0959373     
7.23     0.0942271     
7.24     0.0925763     
7.25     0.0909822     
7.26     0.0894418     
7.27     0.0879527     
7.28     0.0865124     
7.29     0.0851186     
7.3     0.0837692     
7.31     0.0824622     
7.32     0.0811956     
7.33     0.0799676     
7.34     0.0787765     
7.35     0.0776208     
7.36     0.0764989     
7.37     0.0754094     
7.38     0.074351     
7.39     0.0733222     
7.4     0.0723221     
7.41     0.0713493     
7.42     0.0704028     
7.43     0.0694815     
7.44     0.0685845     
7.45     0.0677109     
7.46     0.0668596     
7.47     0.06603     
#mu = -0.0890119
