./NI
NI
____________________________________
Reading the inputfile: input_1orb_CheckerBoard.inp
____________________________________
Monte_Carlo_variables = 1 theta_and_phi
Xsite = 8
Ysite = 8
N_Orbs = 2
No_of_classical_spins_per_site = 2
TwistedBoundaryCond_mx = 0
TwistedBoundaryCond_my = 0
TBC_cellsX = 2
TBC_cellsY = 2
Cluster_lx = 4
Cluster_ly = 4
SavingMicroscopicStates = 1
Fix_mu = 0
fixed_mu_value = -2.8
PBC = 1
hz_mag = 0
NoOfMicroscopicStates = 2
TotalNumberOfSites = 64
Filling_per_site = 1
TotalNumberOfParticles = 64
MaxMCsweeps = 1000
RandomSeed = 20
RandomDisorderSeed = 413
Disorder_Strength = 0
Boltzman_constant = 1
J_Hund0 = -4
OnSiteE0 = 0
J_Hund1 = -4
OnSiteE1 = 0
Hopping_0X_0Y_row0 = 0 1
Hopping_1X_0Y_row0 = 0 0
Hopping_0X_1Y_row0 = 0 1
Hopping_m1X_1Y_row0 = 0 1
Hopping_m1X_m1Y_row0 = 0 0
Hopping_0X_0Y_row1 = 0 0
Hopping_1X_0Y_row1 = 1 0
Hopping_0X_1Y_row1 = 0 0
Hopping_m1X_1Y_row1 = 0 0
Hopping_m1X_m1Y_row1 = 0 0
shape:= (2,2)
0	1	
0	0	
shape:= (2,2)
0	0	
1	0	
shape:= (2,2)
0	1	
0	0	
shape:= (2,2)
0	1	
0	0	
shape:= (2,2)
0	0	
0	0	
K_0X_0Y_row0 = 0 0
K_1X_0Y_row0 = 0 0
K_0X_1Y_row0 = 0 0
K_m1X_1Y_row0 = 0 0
K_0X_0Y_row1 = 0 0
K_1X_0Y_row1 = 0 0
K_0X_1Y_row1 = 0 0
K_m1X_1Y_row1 = 0 0
Nearest_neighbour_Exc_px_Matrix_file_name = J_px.txt
Nearest_neighbour_Exc_py_Matrix_file_name = J_py.txt
Nearest_neighbour_Exc_mxpy_Matrix_file_name = J_mxpy.txt
lambda_lattice = 0
NnBiquadratic_A = 0
Ax = Ay = 0
Metropolis_Algo = 1
Metropolis used
IgnoreFermions = 0
Cooling = 2
Temperature_Values = 1 0.0001
Perform_ED = 1
Read_Seed_from_file = 0
Seed_file_name = ThetaPhi_Temp0.0001000000MicroState0.txt
Last_n_sweeps_for_measurement = 10
Measurement_after_each_m_sweeps = 5
____________________________________
0  -5.14843
1  -5.04583
2  -4.97297
3  -4.923
4  -4.86809
5  -4.82781
6  -4.75805
7  -4.72746
8  -4.68972
9  -4.67635
10  -4.57349
11  -4.52461
12  -4.45497
13  -4.39653
14  -4.35645
15  -4.30741
16  -4.27938
17  -4.19672
18  -4.13773
19  -4.05149
20  -4.01276
21  -3.97731
22  -3.94664
23  -3.94181
24  -3.86685
25  -3.83075
26  -3.75763
27  -3.71765
28  -3.69342
29  -3.65875
30  -3.59199
31  -3.55657
32  -3.50405
33  -3.4735
34  -3.40838
35  -3.38088
36  -3.3632
37  -3.31673
38  -3.28859
39  -3.20378
40  -3.15971
41  -3.1286
42  -3.07017
43  -3.04585
44  -3.04178
45  -2.99442
46  -2.96271
47  -2.93122
48  -2.8576
49  -2.84215
50  -2.82595
51  -2.78676
52  -2.77177
53  -2.74565
54  -2.6923
55  -2.67337
56  -2.6426
57  -2.62592
58  -2.60143
59  -2.58499
60  -2.53141
61  -2.49101
62  -2.45612
63  -2.436
64  -2.41692
65  -2.35729
66  -2.33164
67  -2.30832
68  -2.25758
69  -2.22824
70  -2.20764
71  -2.17498
72  -2.13428
73  -2.10718
74  -2.07761
75  -2.01089
76  -1.99595
77  -1.97343
78  -1.95328
79  -1.92477
80  -1.8863
81  -1.84523
82  -1.838
83  -1.80847
84  -1.78203
85  -1.76806
86  -1.72809
87  -1.68462
88  -1.66629
89  -1.64358
90  -1.63359
91  -1.60284
92  -1.57768
93  -1.523
94  -1.49366
95  -1.46764
96  -1.44273
97  -1.40051
98  -1.35444
99  -1.32677
100  -1.32296
101  -1.29555
102  -1.2516
103  -1.21333
104  -1.17339
105  -1.12394
106  -1.0742
107  -1.05132
108  -1.01214
109  -0.962727
110  -0.916397
111  -0.872568
112  -0.851391
113  -0.807688
114  -0.764255
115  -0.730906
116  -0.692568
117  -0.648951
118  -0.60716
119  -0.558775
120  -0.501104
121  -0.473915
122  -0.461586
123  -0.423257
124  -0.403805
125  -0.343499
126  -0.273513
127  -0.128606
128  0.128606
129  0.273513
130  0.343499
131  0.403805
132  0.423257
133  0.461586
134  0.473915
135  0.501104
136  0.558775
137  0.60716
138  0.648951
139  0.692568
140  0.730906
141  0.764255
142  0.807688
143  0.851391
144  0.872568
145  0.916397
146  0.962727
147  1.01214
148  1.05132
149  1.0742
150  1.12394
151  1.17339
152  1.21333
153  1.2516
154  1.29555
155  1.32296
156  1.32677
157  1.35444
158  1.40051
159  1.44273
160  1.46764
161  1.49366
162  1.523
163  1.57768
164  1.60284
165  1.63359
166  1.64358
167  1.66629
168  1.68462
169  1.72809
170  1.76806
171  1.78203
172  1.80847
173  1.838
174  1.84523
175  1.8863
176  1.92477
177  1.95328
178  1.97343
179  1.99595
180  2.01089
181  2.07761
182  2.10718
183  2.13428
184  2.17498
185  2.20764
186  2.22824
187  2.25758
188  2.30832
189  2.33164
190  2.35729
191  2.41692
192  2.436
193  2.45612
194  2.49101
195  2.53141
196  2.58499
197  2.60143
198  2.62592
199  2.6426
200  2.67337
201  2.6923
202  2.74565
203  2.77177
204  2.78676
205  2.82595
206  2.84215
207  2.8576
208  2.93122
209  2.96271
210  2.99442
211  3.04178
212  3.04585
213  3.07017
214  3.1286
215  3.15971
216  3.20378
217  3.28859
218  3.31673
219  3.3632
220  3.38088
221  3.40838
222  3.4735
223  3.50405
224  3.55657
225  3.59199
226  3.65875
227  3.69342
228  3.71765
229  3.75763
230  3.83075
231  3.86685
232  3.94181
233  3.94664
234  3.97731
235  4.01276
236  4.05149
237  4.13773
238  4.19672
239  4.27938
240  4.30741
241  4.35645
242  4.39653
243  4.45497
244  4.52461
245  4.57349
246  4.67635
247  4.68972
248  4.72746
249  4.75805
250  4.82781
251  4.86809
252  4.923
253  4.97297
254  5.04583
255  5.14843
Total_Energy = 5.46229728e-14
--------THE END--------
