Total 200 sweeps are performed.
First 145 sweeps are used for thermalization and every 6 in last 55 sweeps are used for measurement.
I_MC         S(0,1)         S(1,0)        S(Pi,0)           S(0,0)         S(Pi,Pi)     S(Pi/2,Pi/2)      < N_total >           E_CL           E_QM        E_Total             mu
0            0.119608       -0.145214       0.0746357       0.0432835       0.0433494       0.0453558              32               0        -74.5993        -74.5993      -0.229201
50          -0.0676134       -0.213789        0.175363       0.0147331       0.0619256       0.0984685              32               0        -74.9605        -74.9605      -0.241988
100          -0.0886117       -0.138348        0.263391        0.115407        0.136574       0.0640195              32               0         -75.287         -75.287      -0.273353
----------Measurement is started----------
I_MC      Avg{S(pi,0)}    Avg{S(0,pi)}    std.dev{S(pi,0)}   std.dev{S(0,pi)}    Avg{q_S(pi,0)}    Avg{q_S(0,pi)}    std.dev{q_S(pi,0)}   std.dev{q_S(0,pi)}  Avg{S(1,0)}  Avg{S(0,1)}  std.dev{S(1,0)}  std.dev{S(0,1)}   Avg{E_classical}  std.dev{E_classical}   Avg.Filling
145            0.104262         0.17254               0               0               0               0               0               0      -0.0581767       -0.362615               0               0               0               0
             151            0.112858        0.120627       0.0085957       0.0519134               0               0               0               0       -0.088918       -0.233355       0.0307413        0.129259               0               0
             157            0.127169        0.101468        0.021422       0.0503067               0               0               0               0      -0.0506283       -0.260886       0.0596844        0.112492               0               0
             163            0.106607       0.0871193       0.0401567       0.0501571               0               0               0               0       0.0236172       -0.173604        0.138596        0.179847               0               0
             169             0.10008       0.0840563       0.0382162       0.0452782               0               0               0               0       0.0641531       -0.164711        0.148121        0.161841               0               0
             175           0.0885366       0.0852206       0.0433969       0.0414151               0               0               0               0       0.0660631       -0.186581        0.135282        0.155623               0               0
             181           0.0836952       0.0743252       0.0418913       0.0467166               0               0               0               0      0.00453473       -0.150719        0.195963        0.168746               0               0
             187           0.0807782       0.0755346       0.0399385       0.0438164               0               0               0               0      -0.0219807       -0.123772        0.196272        0.173202               0               0
             193           0.0835645       0.0745956       0.0384702       0.0413957               0               0               0               0      -0.0142893        -0.10027        0.186321        0.176308               0               0
             199           0.0792943       0.0746913       0.0386791       0.0392725               0               0               0               0      -0.0307895      -0.0927145         0.18356        0.168789               0               0
          Total 10 configurations were used were measurement
