Total 200 sweeps are performed.
First 145 sweeps are used for thermalization and every 6 in last 55 sweeps are used for measurement.
I_MC         S(0,1)         S(1,0)        S(Pi,0)           S(0,0)         S(Pi,Pi)     S(Pi/2,Pi/2)      < N_total >           E_CL           E_QM        E_Total             mu
0          -0.0625712        0.153752       0.0390383       0.0275106      3.8891e-05      0.00693838              32               0        -80.7879        -80.7879      0.0672183
50            0.942632        0.953671     0.000909668        0.944395      0.00155296      0.00737534              32               0        -87.1131        -87.1131      0.0672183
100            0.999092        0.999086      1.2346e-05        0.998998     8.92715e-05     3.09019e-05              32               0        -87.2992        -87.2992      0.0672183
----------Measurement is started----------
I_MC      Avg{S(pi,0)}    Avg{S(0,pi)}    std.dev{S(pi,0)}   std.dev{S(0,pi)}    Avg{q_S(pi,0)}    Avg{q_S(0,pi)}    std.dev{q_S(pi,0)}   std.dev{q_S(0,pi)}  Avg{S(1,0)}  Avg{S(0,1)}  std.dev{S(1,0)}  std.dev{S(0,1)}   Avg{E_classical}  std.dev{E_classical}   Avg.Filling
145          7.5848e-05     3.87178e-05               0               0               0               0               0               0         0.99936        0.999431               0               0        -87.3117               0
             151         5.02201e-05     4.07876e-05     2.56279e-05     2.06985e-06               0               0               0               0        0.999361        0.999441     1.12575e-06     9.70794e-06        -87.3119     0.000210343
             157         0.000108904     4.17166e-05     8.55882e-05     2.14056e-06               0               0               0               0        0.999294        0.999431     9.42585e-05     1.54721e-05        -87.3117     0.000393767
             163         9.01935e-05     3.21516e-05     8.08962e-05     1.66704e-05               0               0               0               0        0.999322        0.999464     9.53191e-05      5.7918e-05        -87.3118     0.000415881
             169         7.86849e-05     3.29983e-05     7.59286e-05     1.50063e-05               0               0               0               0        0.999361        0.999473     0.000115345     5.48942e-05        -87.3113      0.00109864
             175         6.55858e-05      2.8067e-05     7.52477e-05     1.75854e-05               0               0               0               0        0.999394        0.999482     0.000128616     5.39322e-05        -87.3113      0.00101311
             181         5.90268e-05     2.50401e-05     7.14944e-05     1.78896e-05               0               0               0               0         0.99937        0.999465     0.000133669     6.50463e-05        -87.3115     0.000979281
             187         7.08548e-05     2.19702e-05     7.38365e-05     1.86012e-05               0               0               0               0        0.999314        0.999466     0.000192809     6.08837e-05        -87.3113      0.00102088
             193         7.41202e-05     1.96544e-05     7.02238e-05     1.87206e-05               0               0               0               0        0.999279        0.999453      0.00020739     6.79774e-05        -87.3113        0.000963
             199         6.78427e-05     2.20807e-05     6.92308e-05     1.91937e-05               0               0               0               0        0.999284        0.999428     0.000197449     9.78457e-05         -87.311       0.0012396
          Total 10 configurations were used were measurement
