0  0   0
1  0.00314159   0
2  0.00628319   0
3  0.00942478   0
4  0.0125664   0
5  0.015708   0
6  0.0188496   0
7  0.0219911   0
8  0.0251327   0
9  0.0282743   0
10  0.0314159   0
11  0.0345575   0
12  0.0376991   0
13  0.0408407   0
14  0.0439823   0
15  0.0471239   0
16  0.0502655   0
17  0.0534071   0
18  0.0565487   0
19  0.0596903   0
20  0.0628319   0
21  0.0659734   0
22  0.069115   0
23  0.0722566   0
24  0.0753982   0
25  0.0785398   0
26  0.0816814   0
27  0.084823   0
28  0.0879646   0
29  0.0911062   0
30  0.0942478   0
31  0.0973894   0
32  0.100531   0
33  0.103673   0
34  0.106814   0
35  0.109956   0
36  0.113097   0
37  0.116239   0
38  0.119381   0
39  0.122522   0
40  0.125664   0
41  0.128805   0
42  0.131947   0
43  0.135088   0
44  0.13823   0
45  0.141372   0
46  0.144513   0
47  0.147655   0
48  0.150796   0
49  0.153938   0
50  0.15708   0
51  0.160221   0
52  0.163363   0
53  0.166504   0
54  0.169646   0
55  0.172788   0
56  0.175929   0
57  0.179071   0
58  0.182212   0
59  0.185354   0
60  0.188496   0
61  0.191637   0
62  0.194779   0
63  0.19792   0
64  0.201062   0
65  0.204204   0
66  0.207345   0
67  0.210487   0
68  0.213628   0
69  0.21677   0
70  0.219911   0
71  0.223053   0
72  0.226195   0
73  0.229336   0
74  0.232478   0
75  0.235619   0
76  0.238761   0
77  0.241903   0
78  0.245044   0
79  0.248186   0
80  0.251327   0
81  0.254469   0
82  0.257611   0
83  0.260752   0
84  0.263894   0
85  0.267035   0
86  0.270177   0
87  0.273319   0
88  0.27646   0
89  0.279602   0
90  0.282743   0
91  0.285885   0
92  0.289027   0
93  0.292168   0
94  0.29531   0
95  0.298451   0
96  0.301593   0
97  0.304734   0
98  0.307876   0
99  0.311018   0
100  0.314159   0
101  0.317301   0
102  0.320442   0
103  0.323584   0
104  0.326726   0
105  0.329867   0
106  0.333009   0
107  0.33615   0
108  0.339292   0
109  0.342434   0
110  0.345575   0
111  0.348717   0
112  0.351858   0
113  0.355   0
114  0.358142   0
115  0.361283   0
116  0.364425   0
117  0.367566   0
118  0.370708   0
119  0.37385   0
120  0.376991   0
121  0.380133   0
122  0.383274   0
123  0.386416   0
124  0.389557   0
125  0.392699   0
126  0.395841   0
127  0.398982   0
128  0.402124   0
129  0.405265   0
130  0.408407   0
131  0.411549   0
132  0.41469   0
133  0.417832   0
134  0.420973   0
135  0.424115   0
136  0.427257   0
137  0.430398   0
138  0.43354   0
139  0.436681   0
140  0.439823   0
141  0.442965   0
142  0.446106   0
143  0.449248   0
144  0.452389   0
145  0.455531   0
146  0.458673   0
147  0.461814   0
148  0.464956   0
149  0.468097   0
150  0.471239   0
151  0.47438   0
152  0.477522   0
153  0.480664   0
154  0.483805   0
155  0.486947   0
156  0.490088   0
157  0.49323   0
158  0.496372   0
159  0.499513   0
160  0.502655   0
161  0.505796   0
162  0.508938   0
163  0.51208   0
164  0.515221   0
165  0.518363   0
166  0.521504   0
167  0.524646   0
168  0.527788   0
169  0.530929   0
170  0.534071   0
171  0.537212   0
172  0.540354   0
173  0.543496   0
174  0.546637   0
175  0.549779   0
176  0.55292   0
177  0.556062   0
178  0.559203   0
179  0.562345   0
180  0.565487   0
181  0.568628   0
182  0.57177   0
183  0.574911   0
184  0.578053   0
185  0.581195   0
186  0.584336   0
187  0.587478   0
188  0.590619   0
189  0.593761   0
190  0.596903   0
191  0.600044   0
192  0.603186   0
193  0.606327   0
194  0.609469   0
195  0.612611   0
196  0.615752   0
197  0.618894   0
198  0.622035   0
199  0.625177   0
200  0.628319   0
201  0.63146   0
202  0.634602   0
203  0.637743   0
204  0.640885   0
205  0.644026   0
206  0.647168   0
207  0.65031   0
208  0.653451   0
209  0.656593   0
210  0.659734   0
211  0.662876   0
212  0.666018   0
213  0.669159   0
214  0.672301   0
215  0.675442   0
216  0.678584   0
217  0.681726   0
218  0.684867   0
219  0.688009   0
220  0.69115   0
221  0.694292   0
222  0.697434   0
223  0.700575   0
224  0.703717   0
225  0.706858   0
226  0.71   0
227  0.713142   0
228  0.716283   0
229  0.719425   0
230  0.722566   0
231  0.725708   0
232  0.728849   0
233  0.731991   0
234  0.735133   0
235  0.738274   0
236  0.741416   0
237  0.744557   0
238  0.747699   0
239  0.750841   0
240  0.753982   0
241  0.757124   0
242  0.760265   0
243  0.763407   0
244  0.766549   0
245  0.76969   0
246  0.772832   0
247  0.775973   0
248  0.779115   0
249  0.782257   0
250  0.785398   0
251  0.78854   0
252  0.791681   0
253  0.794823   0
254  0.797965   0
255  0.801106   0
256  0.804248   0
257  0.807389   0
258  0.810531   0
259  0.813672   0
260  0.816814   0
261  0.819956   0
262  0.823097   0
263  0.826239   0
264  0.82938   0
265  0.832522   0
266  0.835664   0
267  0.838805   0
268  0.841947   0
269  0.845088   0
270  0.84823   0
271  0.851372   0
272  0.854513   0
273  0.857655   0
274  0.860796   0
275  0.863938   0
276  0.86708   0
277  0.870221   0
278  0.873363   0
279  0.876504   0
280  0.879646   0
281  0.882788   0
282  0.885929   0
283  0.889071   0
284  0.892212   0
285  0.895354   0
286  0.898495   0
287  0.901637   0
288  0.904779   0
289  0.90792   0
290  0.911062   0
291  0.914203   0
292  0.917345   0
293  0.920487   0
294  0.923628   0
295  0.92677   0
296  0.929911   0
297  0.933053   0
298  0.936195   0
299  0.939336   0
300  0.942478   0
301  0.945619   0
302  0.948761   0
303  0.951903   0
304  0.955044   0
305  0.958186   0
306  0.961327   0
307  0.964469   0
308  0.967611   0
309  0.970752   0
310  0.973894   0
311  0.977035   0
312  0.980177   0
313  0.983319   0
314  0.98646   0
315  0.989602   0
316  0.992743   0
317  0.995885   0
318  0.999026   0
319  1.00217   0
320  1.00531   0
321  1.00845   0
322  1.01159   0
323  1.01473   0
324  1.01788   0
325  1.02102   0
326  1.02416   0
327  1.0273   0
328  1.03044   0
329  1.03358   0
330  1.03673   0
331  1.03987   0
332  1.04301   0
333  1.04615   0
334  1.04929   0
335  1.05243   0
336  1.05558   0
337  1.05872   0
338  1.06186   0
339  1.065   0
340  1.06814   0
341  1.07128   0
342  1.07442   0
343  1.07757   0
344  1.08071   0
345  1.08385   0
346  1.08699   0
347  1.09013   0
348  1.09327   0
349  1.09642   0
350  1.09956   0
351  1.1027   0
352  1.10584   0
353  1.10898   0
354  1.11212   0
355  1.11527   0
356  1.11841   0
357  1.12155   0
358  1.12469   0
359  1.12783   0
360  1.13097   0
361  1.13411   0
362  1.13726   0
363  1.1404   0
364  1.14354   0
365  1.14668   0
366  1.14982   0
367  1.15296   0
368  1.15611   0
369  1.15925   0
370  1.16239   0
371  1.16553   0
372  1.16867   0
373  1.17181   0
374  1.17496   0
375  1.1781   0
376  1.18124   0
377  1.18438   0
378  1.18752   0
379  1.19066   0
380  1.19381   0
381  1.19695   0
382  1.20009   0
383  1.20323   0
384  1.20637   0
385  1.20951   0
386  1.21265   0
387  1.2158   0
388  1.21894   0
389  1.22208   0
390  1.22522   0
391  1.22836   0
392  1.2315   0
393  1.23465   0
394  1.23779   0
395  1.24093   0
396  1.24407   0
397  1.24721   0
398  1.25035   0
399  1.2535   0
400  1.25664   0
401  1.25978   0
402  1.26292   0
403  1.26606   0
404  1.2692   0
405  1.27235   0
406  1.27549   0
407  1.27863   0
408  1.28177   0
409  1.28491   0
410  1.28805   0
411  1.29119   0
412  1.29434   0
413  1.29748   0
414  1.30062   0
415  1.30376   0
416  1.3069   0
417  1.31004   0
418  1.31319   0
419  1.31633   0
420  1.31947   0
421  1.32261   0
422  1.32575   0
423  1.32889   0
424  1.33204   0
425  1.33518   0
426  1.33832   0
427  1.34146   0
428  1.3446   0
429  1.34774   0
430  1.35088   0
431  1.35403   0
432  1.35717   0
433  1.36031   0
434  1.36345   0
435  1.36659   0
436  1.36973   0
437  1.37288   0
438  1.37602   0
439  1.37916   0
440  1.3823   0
441  1.38544   0
442  1.38858   0
443  1.39173   0
444  1.39487   0
445  1.39801   0
446  1.40115   0
447  1.40429   0
448  1.40743   0
449  1.41058   0
450  1.41372   0
451  1.41686   0
452  1.42   0
453  1.42314   0
454  1.42628   0
455  1.42942   0
456  1.43257   0
457  1.43571   0
458  1.43885   0
459  1.44199   0
460  1.44513   0
461  1.44827   0
462  1.45142   0
463  1.45456   0
464  1.4577   0
465  1.46084   0
466  1.46398   0
467  1.46712   0
468  1.47027   0
469  1.47341   0
470  1.47655   0
471  1.47969   0
472  1.48283   0
473  1.48597   0
474  1.48911   0
475  1.49226   0
476  1.4954   0
477  1.49854   0
478  1.50168   0
479  1.50482   0
480  1.50796   0
481  1.51111   0
482  1.51425   0
483  1.51739   0
484  1.52053   0
485  1.52367   0
486  1.52681   0
487  1.52996   0
488  1.5331   0
489  1.53624   0
490  1.53938   0
491  1.54252   0
492  1.54566   0
493  1.54881   0
494  1.55195   0
495  1.55509   0
496  1.55823   0
497  1.56137   0
498  1.56451   0
499  1.56765   0
500  1.5708   0
501  1.57394   0
502  1.57708   0
503  1.58022   0
504  1.58336   0
505  1.5865   0
506  1.58965   0
507  1.59279   0
508  1.59593   0
509  1.59907   0
510  1.60221   0
511  1.60535   0
512  1.6085   0
513  1.61164   0
514  1.61478   0
515  1.61792   0
516  1.62106   0
517  1.6242   0
518  1.62734   0
519  1.63049   0
520  1.63363   0
521  1.63677   0
522  1.63991   0
523  1.64305   0
524  1.64619   0
525  1.64934   0
526  1.65248   0
527  1.65562   0
528  1.65876   0
529  1.6619   0
530  1.66504   0
531  1.66819   0
532  1.67133   0
533  1.67447   0
534  1.67761   0
535  1.68075   0
536  1.68389   0
537  1.68704   0
538  1.69018   0
539  1.69332   0
540  1.69646   0
541  1.6996   0
542  1.70274   0
543  1.70588   0
544  1.70903   0
545  1.71217   0
546  1.71531   0
547  1.71845   0
548  1.72159   0
549  1.72473   0
550  1.72788   0
551  1.73102   0
552  1.73416   0
553  1.7373   0
554  1.74044   0
555  1.74358   0
556  1.74673   0
557  1.74987   0
558  1.75301   0
559  1.75615   0
560  1.75929   0
561  1.76243   0
562  1.76558   0
563  1.76872   0
564  1.77186   0
565  1.775   0
566  1.77814   0
567  1.78128   0
568  1.78442   0
569  1.78757   0
570  1.79071   0
571  1.79385   0
572  1.79699   0
573  1.80013   0
574  1.80327   0
575  1.80642   0
576  1.80956   0
577  1.8127   0
578  1.81584   0
579  1.81898   0
580  1.82212   0
581  1.82527   0
582  1.82841   0
583  1.83155   0
584  1.83469   0
585  1.83783   0
586  1.84097   0
587  1.84411   0
588  1.84726   0
589  1.8504   0
590  1.85354   0
591  1.85668   0
592  1.85982   0
593  1.86296   0
594  1.86611   0
595  1.86925   0
596  1.87239   0
597  1.87553   0
598  1.87867   0
599  1.88181   0
600  1.88496   0
601  1.8881   0
602  1.89124   0
603  1.89438   0
604  1.89752   0
605  1.90066   0
606  1.90381   0
607  1.90695   0
608  1.91009   0
609  1.91323   0
610  1.91637   0
611  1.91951   0
612  1.92265   0
613  1.9258   0
614  1.92894   0
615  1.93208   0
616  1.93522   0
617  1.93836   0
618  1.9415   0
619  1.94465   0
620  1.94779   0
621  1.95093   0
622  1.95407   0
623  1.95721   0
624  1.96035   0
625  1.9635   0
626  1.96664   0
627  1.96978   0
628  1.97292   0
629  1.97606   0
630  1.9792   0
631  1.98234   0
632  1.98549   0
633  1.98863   0
634  1.99177   0
635  1.99491   0
636  1.99805   0
637  2.00119   0
638  2.00434   0
639  2.00748   0
640  2.01062   0
641  2.01376   0
642  2.0169   0
643  2.02004   0
644  2.02319   0
645  2.02633   0
646  2.02947   0
647  2.03261   0
648  2.03575   0
649  2.03889   0
650  2.04204   0
651  2.04518   0
652  2.04832   0
653  2.05146   0
654  2.0546   0
655  2.05774   0
656  2.06088   0
657  2.06403   0
658  2.06717   0
659  2.07031   0
660  2.07345   0
661  2.07659   0
662  2.07973   0
663  2.08288   0
664  2.08602   0
665  2.08916   0
666  2.0923   0
667  2.09544   0
668  2.09858   0
669  2.10173   0
670  2.10487   0
671  2.10801   0
672  2.11115   0
673  2.11429   0
674  2.11743   0
675  2.12058   0
676  2.12372   0
677  2.12686   0
678  2.13   0
679  2.13314   0
680  2.13628   0
681  2.13942   0
682  2.14257   0
683  2.14571   0
684  2.14885   0
685  2.15199   0
686  2.15513   0
687  2.15827   0
688  2.16142   0
689  2.16456   0
690  2.1677   0
691  2.17084   0
692  2.17398   0
693  2.17712   0
694  2.18027   0
695  2.18341   0
696  2.18655   0
697  2.18969   0
698  2.19283   0
699  2.19597   0
700  2.19911   0
701  2.20226   0
702  2.2054   0
703  2.20854   0
704  2.21168   0
705  2.21482   0
706  2.21796   0
707  2.22111   0
708  2.22425   0
709  2.22739   0
710  2.23053   0
711  2.23367   0
712  2.23681   0
713  2.23996   0
714  2.2431   0
715  2.24624   0
716  2.24938   0
717  2.25252   0
718  2.25566   0
719  2.25881   0
720  2.26195   0
721  2.26509   0
722  2.26823   0
723  2.27137   0
724  2.27451   0
725  2.27765   0
726  2.2808   0
727  2.28394   0
728  2.28708   0
729  2.29022   0
730  2.29336   0
731  2.2965   0
732  2.29965   0
733  2.30279   0
734  2.30593   0
735  2.30907   0
736  2.31221   0
737  2.31535   0
738  2.3185   0
739  2.32164   0
740  2.32478   0
741  2.32792   0
742  2.33106   0
743  2.3342   0
744  2.33734   0
745  2.34049   0
746  2.34363   0
747  2.34677   0
748  2.34991   0
749  2.35305   0
750  2.35619   0
751  2.35934   0
752  2.36248   0
753  2.36562   0
754  2.36876   0
755  2.3719   0
756  2.37504   0
757  2.37819   0
758  2.38133   0
759  2.38447   0
760  2.38761   0
761  2.39075   0
762  2.39389   0
763  2.39704   0
764  2.40018   0
765  2.40332   0
766  2.40646   0
767  2.4096   0
768  2.41274   0
769  2.41588   0
770  2.41903   0
771  2.42217   0
772  2.42531   0
773  2.42845   0
774  2.43159   0
775  2.43473   0
776  2.43788   0
777  2.44102   0
778  2.44416   0
779  2.4473   0
780  2.45044   0
781  2.45358   0
782  2.45673   0
783  2.45987   0
784  2.46301   0
785  2.46615   0
786  2.46929   0
787  2.47243   0
788  2.47558   0
789  2.47872   0
790  2.48186   0
791  2.485   0
792  2.48814   0
793  2.49128   0
794  2.49442   0
795  2.49757   0
796  2.50071   0
797  2.50385   0
798  2.50699   0
799  2.51013   0
800  2.51327   0
801  2.51642   0
802  2.51956   0
803  2.5227   0
804  2.52584   0
805  2.52898   0
806  2.53212   0
807  2.53527   0
808  2.53841   0
809  2.54155   0
810  2.54469   0
811  2.54783   0
812  2.55097   0
813  2.55411   0
814  2.55726   0
815  2.5604   0
816  2.56354   0
817  2.56668   0
818  2.56982   0
819  2.57296   0
820  2.57611   0
821  2.57925   0
822  2.58239   0
823  2.58553   0
824  2.58867   0
825  2.59181   0
826  2.59496   0
827  2.5981   0
828  2.60124   0
829  2.60438   0
830  2.60752   0
831  2.61066   0
832  2.61381   0
833  2.61695   0
834  2.62009   0
835  2.62323   0
836  2.62637   0
837  2.62951   0
838  2.63265   0
839  2.6358   0
840  2.63894   0
841  2.64208   0
842  2.64522   0
843  2.64836   0
844  2.6515   0
845  2.65465   0
846  2.65779   0
847  2.66093   0
848  2.66407   0
849  2.66721   0
850  2.67035   0
851  2.6735   0
852  2.67664   0
853  2.67978   0
854  2.68292   0
855  2.68606   0
856  2.6892   0
857  2.69234   0
858  2.69549   0
859  2.69863   0
860  2.70177   0
861  2.70491   0
862  2.70805   0
863  2.71119   0
864  2.71434   0
865  2.71748   0
866  2.72062   0
867  2.72376   0
868  2.7269   0
869  2.73004   0
870  2.73319   0
871  2.73633   0
872  2.73947   0
873  2.74261   0
874  2.74575   0
875  2.74889   0
876  2.75204   0
877  2.75518   0
878  2.75832   0
879  2.76146   0
880  2.7646   0
881  2.76774   0
882  2.77088   0
883  2.77403   0
884  2.77717   0
885  2.78031   0
886  2.78345   0
887  2.78659   0
888  2.78973   0
889  2.79288   0
890  2.79602   0
891  2.79916   0
892  2.8023   0
893  2.80544   0
894  2.80858   0
895  2.81173   0
896  2.81487   0
897  2.81801   0
898  2.82115   0
899  2.82429   0
900  2.82743   0
901  2.83057   0
902  2.83372   0
903  2.83686   0
904  2.84   0
905  2.84314   0
906  2.84628   0
907  2.84942   0
908  2.85257   0
909  2.85571   0
910  2.85885   0
911  2.86199   0
912  2.86513   0
913  2.86827   0
914  2.87142   0
915  2.87456   0
916  2.8777   0
917  2.88084   0
918  2.88398   0
919  2.88712   0
920  2.89027   0
921  2.89341   0
922  2.89655   0
923  2.89969   0
924  2.90283   0
925  2.90597   0
926  2.90911   0
927  2.91226   0
928  2.9154   0
929  2.91854   0
930  2.92168   0
931  2.92482   0
932  2.92796   0
933  2.93111   0
934  2.93425   0
935  2.93739   0
936  2.94053   0
937  2.94367   0
938  2.94681   0
939  2.94996   0
940  2.9531   0
941  2.95624   0
942  2.95938   0
943  2.96252   0
944  2.96566   0
945  2.96881   0
946  2.97195   0
947  2.97509   0
948  2.97823   0
949  2.98137   0
950  2.98451   0
951  2.98765   0
952  2.9908   0
953  2.99394   0
954  2.99708   0
955  3.00022   0
956  3.00336   0
957  3.0065   0
958  3.00965   0
959  3.01279   0
960  3.01593   0
961  3.01907   0
962  3.02221   0
963  3.02535   0
964  3.0285   0
965  3.03164   0
966  3.03478   0
967  3.03792   0
968  3.04106   0
969  3.0442   0
970  3.04734   0
971  3.05049   0
972  3.05363   0
973  3.05677   0
974  3.05991   0
975  3.06305   0
976  3.06619   0
977  3.06934   0
978  3.07248   0
979  3.07562   0
980  3.07876   0
981  3.0819   0
982  3.08504   0
983  3.08819   0
984  3.09133   0
985  3.09447   0
986  3.09761   0
987  3.10075   0
988  3.10389   0
989  3.10704   0
990  3.11018   0
991  3.11332   0
992  3.11646   0
993  3.1196   0
994  3.12274   0
995  3.12588   0
996  3.12903   0
997  3.13217   0
998  3.13531   0
999  3.13845   0
1000  3.14159   0
1001  3.14473   0
1002  3.14788   0
1003  3.15102   0
1004  3.15416   0
1005  3.1573   0
1006  3.16044   0
1007  3.16358   0
1008  3.16673   0
1009  3.16987   0
1010  3.17301   0
1011  3.17615   0
1012  3.17929   0
1013  3.18243   0
1014  3.18557   0
1015  3.18872   0
1016  3.19186   0
1017  3.195   0
1018  3.19814   0
1019  3.20128   0
1020  3.20442   0
1021  3.20757   0
1022  3.21071   0
1023  3.21385   0
1024  3.21699   0
1025  3.22013   0
1026  3.22327   0
1027  3.22642   0
1028  3.22956   0
1029  3.2327   0
1030  3.23584   0
1031  3.23898   0
1032  3.24212   0
1033  3.24527   0
1034  3.24841   0
1035  3.25155   0
1036  3.25469   0
1037  3.25783   0
1038  3.26097   0
1039  3.26411   0
1040  3.26726   0
1041  3.2704   0
1042  3.27354   0
1043  3.27668   0
1044  3.27982   0
1045  3.28296   0
1046  3.28611   0
1047  3.28925   0
1048  3.29239   0
1049  3.29553   0
1050  3.29867   0
1051  3.30181   0
1052  3.30496   0
1053  3.3081   0
1054  3.31124   0
1055  3.31438   0
1056  3.31752   0
1057  3.32066   0
1058  3.32381   0
1059  3.32695   0
1060  3.33009   0
1061  3.33323   0
1062  3.33637   0
1063  3.33951   0
1064  3.34265   0
1065  3.3458   0
1066  3.34894   0
1067  3.35208   0
1068  3.35522   0
1069  3.35836   0
1070  3.3615   0
1071  3.36465   0
1072  3.36779   0
1073  3.37093   0
1074  3.37407   0
1075  3.37721   0
1076  3.38035   0
1077  3.3835   0
1078  3.38664   0
1079  3.38978   0
1080  3.39292   0
1081  3.39606   0
1082  3.3992   0
1083  3.40234   0
1084  3.40549   0
1085  3.40863   0
1086  3.41177   0
1087  3.41491   0
1088  3.41805   0
1089  3.42119   0
1090  3.42434   0
1091  3.42748   0
1092  3.43062   0
1093  3.43376   0
1094  3.4369   0
1095  3.44004   0
1096  3.44319   0
1097  3.44633   0
1098  3.44947   0
1099  3.45261   0
1100  3.45575   0
1101  3.45889   0
1102  3.46204   0
1103  3.46518   0
1104  3.46832   0
1105  3.47146   0
1106  3.4746   0
1107  3.47774   0
1108  3.48088   0
1109  3.48403   0
1110  3.48717   0
1111  3.49031   0
1112  3.49345   0
1113  3.49659   0
1114  3.49973   0
1115  3.50288   0
1116  3.50602   0
1117  3.50916   0
1118  3.5123   0
1119  3.51544   0
1120  3.51858   0
1121  3.52173   0
1122  3.52487   0
1123  3.52801   0
1124  3.53115   0
1125  3.53429   0
1126  3.53743   0
1127  3.54057   0
1128  3.54372   0
1129  3.54686   0
1130  3.55   0
1131  3.55314   0
1132  3.55628   0
1133  3.55942   0
1134  3.56257   0
1135  3.56571   0
1136  3.56885   0
1137  3.57199   0
1138  3.57513   0
1139  3.57827   0
1140  3.58142   0
1141  3.58456   0
1142  3.5877   0
1143  3.59084   0
1144  3.59398   0
1145  3.59712   0
1146  3.60027   0
1147  3.60341   0
1148  3.60655   0
1149  3.60969   0
1150  3.61283   0
1151  3.61597   0
1152  3.61911   0
1153  3.62226   0
1154  3.6254   0
1155  3.62854   0
1156  3.63168   0
1157  3.63482   0
1158  3.63796   0
1159  3.64111   0
1160  3.64425   0
1161  3.64739   0
1162  3.65053   0
1163  3.65367   0
1164  3.65681   0
1165  3.65996   0
1166  3.6631   0
1167  3.66624   0
1168  3.66938   0
1169  3.67252   0
1170  3.67566   0
1171  3.6788   0
1172  3.68195   0
1173  3.68509   0
1174  3.68823   0
1175  3.69137   0
1176  3.69451   0
1177  3.69765   0
1178  3.7008   0
1179  3.70394   0
1180  3.70708   0
1181  3.71022   0
1182  3.71336   0
1183  3.7165   0
1184  3.71965   0
1185  3.72279   0
1186  3.72593   0
1187  3.72907   0
1188  3.73221   0
1189  3.73535   0
1190  3.7385   0
1191  3.74164   0
1192  3.74478   0
1193  3.74792   0
1194  3.75106   0
1195  3.7542   0
1196  3.75734   0
1197  3.76049   0
1198  3.76363   0
1199  3.76677   0
1200  3.76991   0
1201  3.77305   0
1202  3.77619   0
1203  3.77934   0
1204  3.78248   0
1205  3.78562   0
1206  3.78876   0
1207  3.7919   0
1208  3.79504   0
1209  3.79819   0
1210  3.80133   0
1211  3.80447   0
1212  3.80761   0
1213  3.81075   0
1214  3.81389   0
1215  3.81704   0
1216  3.82018   0
1217  3.82332   0
1218  3.82646   0
1219  3.8296   0
1220  3.83274   0
1221  3.83588   0
1222  3.83903   0
1223  3.84217   0
1224  3.84531   0
1225  3.84845   0
1226  3.85159   0
1227  3.85473   0
1228  3.85788   0
1229  3.86102   0
1230  3.86416   0
1231  3.8673   0
1232  3.87044   0
1233  3.87358   0
1234  3.87673   0
1235  3.87987   0
1236  3.88301   0
1237  3.88615   0
1238  3.88929   0
1239  3.89243   0
1240  3.89557   0
1241  3.89872   0
1242  3.90186   0
1243  3.905   0
1244  3.90814   0
1245  3.91128   0
1246  3.91442   0
1247  3.91757   0
1248  3.92071   0
1249  3.92385   0
1250  3.92699   0
1251  3.93013   0
1252  3.93327   0
1253  3.93642   0
1254  3.93956   0
1255  3.9427   0
1256  3.94584   0
1257  3.94898   0
1258  3.95212   0
1259  3.95527   0
1260  3.95841   0
1261  3.96155   0
1262  3.96469   0
1263  3.96783   0
1264  3.97097   0
1265  3.97411   0
1266  3.97726   0
1267  3.9804   0
1268  3.98354   0
1269  3.98668   0
1270  3.98982   0
1271  3.99296   0
1272  3.99611   0
1273  3.99925   0
1274  4.00239   0
1275  4.00553   0
1276  4.00867   0
1277  4.01181   0
1278  4.01496   0
1279  4.0181   0
1280  4.02124   0
1281  4.02438   0
1282  4.02752   0
1283  4.03066   0
1284  4.0338   0
1285  4.03695   0
1286  4.04009   0
1287  4.04323   0
1288  4.04637   0
1289  4.04951   0
1290  4.05265   0
1291  4.0558   0
1292  4.05894   0
1293  4.06208   0
1294  4.06522   0
1295  4.06836   0
1296  4.0715   0
1297  4.07465   0
1298  4.07779   0
1299  4.08093   0
1300  4.08407   0
1301  4.08721   0
1302  4.09035   0
1303  4.0935   0
1304  4.09664   0
1305  4.09978   0
1306  4.10292   0
1307  4.10606   0
1308  4.1092   0
1309  4.11234   0
1310  4.11549   0
1311  4.11863   0
1312  4.12177   0
1313  4.12491   0
1314  4.12805   0
1315  4.13119   0
1316  4.13434   0
1317  4.13748   0
1318  4.14062   0
1319  4.14376   0
1320  4.1469   0
1321  4.15004   0
1322  4.15319   0
1323  4.15633   0
1324  4.15947   0
1325  4.16261   0
1326  4.16575   0
1327  4.16889   0
1328  4.17204   0
1329  4.17518   0
1330  4.17832   0
1331  4.18146   0
1332  4.1846   0
1333  4.18774   0
1334  4.19088   0
1335  4.19403   0
1336  4.19717   0
1337  4.20031   0
1338  4.20345   0
1339  4.20659   0
1340  4.20973   0
1341  4.21288   0
1342  4.21602   0
1343  4.21916   0
1344  4.2223   0
1345  4.22544   0
1346  4.22858   0
1347  4.23173   0
1348  4.23487   0
1349  4.23801   0
1350  4.24115   0
1351  4.24429   0
1352  4.24743   0
1353  4.25057   0
1354  4.25372   0
1355  4.25686   0
1356  4.26   0
1357  4.26314   0
1358  4.26628   0
1359  4.26942   0
1360  4.27257   0
1361  4.27571   0
1362  4.27885   0
1363  4.28199   0
1364  4.28513   0
1365  4.28827   0
1366  4.29142   0
1367  4.29456   0
1368  4.2977   0
1369  4.30084   0
1370  4.30398   0
1371  4.30712   0
1372  4.31027   0
1373  4.31341   0
1374  4.31655   0
1375  4.31969   0
1376  4.32283   0
1377  4.32597   0
1378  4.32911   0
1379  4.33226   0
1380  4.3354   0
1381  4.33854   0
1382  4.34168   0
1383  4.34482   0
1384  4.34796   0
1385  4.35111   0
1386  4.35425   0
1387  4.35739   0
1388  4.36053   0
1389  4.36367   0
1390  4.36681   0
1391  4.36996   0
1392  4.3731   0
1393  4.37624   0
1394  4.37938   0
1395  4.38252   0
1396  4.38566   0
1397  4.3888   0
1398  4.39195   0
1399  4.39509   0
1400  4.39823   0
1401  4.40137   0
1402  4.40451   0
1403  4.40765   0
1404  4.4108   0
1405  4.41394   0
1406  4.41708   0
1407  4.42022   0
1408  4.42336   0
1409  4.4265   0
1410  4.42965   0
1411  4.43279   0
1412  4.43593   0
1413  4.43907   0
1414  4.44221   0
1415  4.44535   0
1416  4.4485   0
1417  4.45164   0
1418  4.45478   0
1419  4.45792   0
1420  4.46106   0
1421  4.4642   0
1422  4.46734   0
1423  4.47049   0
1424  4.47363   0
1425  4.47677   0
1426  4.47991   0
1427  4.48305   0
1428  4.48619   0
1429  4.48934   0
1430  4.49248   0
1431  4.49562   0
1432  4.49876   0
1433  4.5019   0
1434  4.50504   0
1435  4.50819   0
1436  4.51133   0
1437  4.51447   0
1438  4.51761   0
1439  4.52075   0
1440  4.52389   0
1441  4.52704   0
1442  4.53018   0
1443  4.53332   0
1444  4.53646   0
1445  4.5396   0
1446  4.54274   0
1447  4.54588   0
1448  4.54903   0
1449  4.55217   0
1450  4.55531   0
1451  4.55845   0
1452  4.56159   0
1453  4.56473   0
1454  4.56788   0
1455  4.57102   0
1456  4.57416   0
1457  4.5773   0
1458  4.58044   0
1459  4.58358   0
1460  4.58673   0
1461  4.58987   0
1462  4.59301   0
1463  4.59615   0
1464  4.59929   0
1465  4.60243   0
1466  4.60557   0
1467  4.60872   0
1468  4.61186   0
1469  4.615   0
1470  4.61814   0
1471  4.62128   0
1472  4.62442   0
1473  4.62757   0
1474  4.63071   0
1475  4.63385   0
1476  4.63699   0
1477  4.64013   0
1478  4.64327   0
1479  4.64642   0
1480  4.64956   0
1481  4.6527   0
1482  4.65584   0
1483  4.65898   0
1484  4.66212   0
1485  4.66527   0
1486  4.66841   0
1487  4.67155   0
1488  4.67469   0
1489  4.67783   0
1490  4.68097   0
1491  4.68411   0
1492  4.68726   0
1493  4.6904   0
1494  4.69354   0
1495  4.69668   0
1496  4.69982   0
1497  4.70296   0
1498  4.70611   0
1499  4.70925   0
1500  4.71239   0
1501  4.71553   0
1502  4.71867   0
1503  4.72181   0
1504  4.72496   0
1505  4.7281   0
1506  4.73124   0
1507  4.73438   0
1508  4.73752   0
1509  4.74066   0
1510  4.7438   0
1511  4.74695   0
1512  4.75009   0
1513  4.75323   0
1514  4.75637   0
1515  4.75951   0
1516  4.76265   0
1517  4.7658   0
1518  4.76894   0
1519  4.77208   0
1520  4.77522   0
1521  4.77836   0
1522  4.7815   0
1523  4.78465   0
1524  4.78779   0
1525  4.79093   0
1526  4.79407   0
1527  4.79721   0
1528  4.80035   0
1529  4.8035   0
1530  4.80664   0
1531  4.80978   0
1532  4.81292   0
1533  4.81606   0
1534  4.8192   0
1535  4.82234   0
1536  4.82549   0
1537  4.82863   0
1538  4.83177   0
1539  4.83491   0
1540  4.83805   0
1541  4.84119   0
1542  4.84434   0
1543  4.84748   0
1544  4.85062   0
1545  4.85376   0
1546  4.8569   0
1547  4.86004   0
1548  4.86319   0
1549  4.86633   0
1550  4.86947   0
1551  4.87261   0
1552  4.87575   0
1553  4.87889   0
1554  4.88203   0
1555  4.88518   0
1556  4.88832   0
1557  4.89146   0
1558  4.8946   0
1559  4.89774   0
1560  4.90088   0
1561  4.90403   0
1562  4.90717   0
1563  4.91031   0
1564  4.91345   0
1565  4.91659   0
1566  4.91973   0
1567  4.92288   0
1568  4.92602   0
1569  4.92916   0
1570  4.9323   0
1571  4.93544   0
1572  4.93858   0
1573  4.94173   0
1574  4.94487   0
1575  4.94801   0
1576  4.95115   0
1577  4.95429   0
1578  4.95743   0
1579  4.96057   0
1580  4.96372   0
1581  4.96686   0
1582  4.97   0
1583  4.97314   0
1584  4.97628   0
1585  4.97942   0
1586  4.98257   0
1587  4.98571   0
1588  4.98885   0
1589  4.99199   0
1590  4.99513   0
1591  4.99827   0
1592  5.00142   0
1593  5.00456   0
1594  5.0077   0
1595  5.01084   0
1596  5.01398   0
1597  5.01712   0
1598  5.02027   0
1599  5.02341   0
1600  5.02655   0
1601  5.02969   0
1602  5.03283   0
1603  5.03597   0
1604  5.03911   0
1605  5.04226   0
1606  5.0454   0
1607  5.04854   0
1608  5.05168   0
1609  5.05482   0
1610  5.05796   0
1611  5.06111   0
1612  5.06425   0
1613  5.06739   0
1614  5.07053   0
1615  5.07367   0
1616  5.07681   0
1617  5.07996   0
1618  5.0831   0
1619  5.08624   0
1620  5.08938   0
1621  5.09252   0
1622  5.09566   0
1623  5.0988   0
1624  5.10195   0
1625  5.10509   0
1626  5.10823   0
1627  5.11137   0
1628  5.11451   0
1629  5.11765   0
1630  5.1208   0
1631  5.12394   0
1632  5.12708   0
1633  5.13022   0
1634  5.13336   0
1635  5.1365   0
1636  5.13965   0
1637  5.14279   0
1638  5.14593   0
1639  5.14907   0
1640  5.15221   0
1641  5.15535   0
1642  5.1585   0
1643  5.16164   0
1644  5.16478   0
1645  5.16792   0
1646  5.17106   0
1647  5.1742   0
1648  5.17734   0
1649  5.18049   0
1650  5.18363   0
1651  5.18677   0
1652  5.18991   0
1653  5.19305   0
1654  5.19619   0
1655  5.19934   0
1656  5.20248   0
1657  5.20562   0
1658  5.20876   0
1659  5.2119   0
1660  5.21504   0
1661  5.21819   0
1662  5.22133   0
1663  5.22447   0
1664  5.22761   0
1665  5.23075   0
1666  5.23389   0
1667  5.23703   0
1668  5.24018   0
1669  5.24332   0
1670  5.24646   0
1671  5.2496   0
1672  5.25274   0
1673  5.25588   0
1674  5.25903   0
1675  5.26217   0
1676  5.26531   0
1677  5.26845   0
1678  5.27159   0
1679  5.27473   0
1680  5.27788   0
1681  5.28102   0
1682  5.28416   0
1683  5.2873   0
1684  5.29044   0
1685  5.29358   0
1686  5.29673   0
1687  5.29987   0
1688  5.30301   0
1689  5.30615   0
1690  5.30929   0
1691  5.31243   0
1692  5.31557   0
1693  5.31872   0
1694  5.32186   0
1695  5.325   0
1696  5.32814   0
1697  5.33128   0
1698  5.33442   0
1699  5.33757   0
1700  5.34071   0
1701  5.34385   0
1702  5.34699   0
1703  5.35013   0
1704  5.35327   0
1705  5.35642   0
1706  5.35956   0
1707  5.3627   0
1708  5.36584   0
1709  5.36898   0
1710  5.37212   0
1711  5.37527   0
1712  5.37841   0
1713  5.38155   0
1714  5.38469   0
1715  5.38783   0
1716  5.39097   0
1717  5.39411   0
1718  5.39726   0
1719  5.4004   0
1720  5.40354   0
1721  5.40668   0
1722  5.40982   0
1723  5.41296   0
1724  5.41611   0
1725  5.41925   0
1726  5.42239   0
1727  5.42553   0
1728  5.42867   0
1729  5.43181   0
1730  5.43496   0
1731  5.4381   0
1732  5.44124   0
1733  5.44438   0
1734  5.44752   0
1735  5.45066   0
1736  5.4538   0
1737  5.45695   0
1738  5.46009   0
1739  5.46323   0
1740  5.46637   0
1741  5.46951   0
1742  5.47265   0
1743  5.4758   0
1744  5.47894   0
1745  5.48208   0
1746  5.48522   0
1747  5.48836   0
1748  5.4915   0
1749  5.49465   0
1750  5.49779   0
1751  5.50093   0
1752  5.50407   0
1753  5.50721   0
1754  5.51035   0
1755  5.5135   0
1756  5.51664   0
1757  5.51978   0
1758  5.52292   0
1759  5.52606   0
1760  5.5292   0
1761  5.53234   0
1762  5.53549   0
1763  5.53863   0
1764  5.54177   0
1765  5.54491   0
1766  5.54805   0
1767  5.55119   0
1768  5.55434   0
1769  5.55748   0
1770  5.56062   0
1771  5.56376   0
1772  5.5669   0
1773  5.57004   0
1774  5.57319   0
1775  5.57633   0
1776  5.57947   0
1777  5.58261   0
1778  5.58575   0
1779  5.58889   0
1780  5.59203   0
1781  5.59518   0
1782  5.59832   0
1783  5.60146   0
1784  5.6046   0
1785  5.60774   0
1786  5.61088   0
1787  5.61403   0
1788  5.61717   0
1789  5.62031   0
1790  5.62345   0
1791  5.62659   0
1792  5.62973   0
1793  5.63288   0
1794  5.63602   0
1795  5.63916   0
1796  5.6423   0
1797  5.64544   0
1798  5.64858   0
1799  5.65173   0
1800  5.65487   0
1801  5.65801   0
1802  5.66115   0
1803  5.66429   0
1804  5.66743   0
1805  5.67057   0
1806  5.67372   0
1807  5.67686   0
1808  5.68   0
1809  5.68314   0
1810  5.68628   0
1811  5.68942   0
1812  5.69257   0
1813  5.69571   0
1814  5.69885   0
1815  5.70199   0
1816  5.70513   0
1817  5.70827   0
1818  5.71142   0
1819  5.71456   0
1820  5.7177   0
1821  5.72084   0
1822  5.72398   0
1823  5.72712   0
1824  5.73027   0
1825  5.73341   0
1826  5.73655   0
1827  5.73969   0
1828  5.74283   0
1829  5.74597   0
1830  5.74911   0
1831  5.75226   0
1832  5.7554   0
1833  5.75854   0
1834  5.76168   0
1835  5.76482   0
1836  5.76796   0
1837  5.77111   0
1838  5.77425   0
1839  5.77739   0
1840  5.78053   0
1841  5.78367   0
1842  5.78681   0
1843  5.78996   0
1844  5.7931   0
1845  5.79624   0
1846  5.79938   0
1847  5.80252   0
1848  5.80566   0
1849  5.8088   0
1850  5.81195   0
1851  5.81509   0
1852  5.81823   0
1853  5.82137   0
1854  5.82451   0
1855  5.82765   0
1856  5.8308   0
1857  5.83394   0
1858  5.83708   0
1859  5.84022   0
1860  5.84336   0
1861  5.8465   0
1862  5.84965   0
1863  5.85279   0
1864  5.85593   0
1865  5.85907   0
1866  5.86221   0
1867  5.86535   0
1868  5.8685   0
1869  5.87164   0
1870  5.87478   0
1871  5.87792   0
1872  5.88106   0
1873  5.8842   0
1874  5.88734   0
1875  5.89049   0
1876  5.89363   0
1877  5.89677   0
1878  5.89991   0
1879  5.90305   0
1880  5.90619   0
1881  5.90934   0
1882  5.91248   0
1883  5.91562   0
1884  5.91876   0
1885  5.9219   0
1886  5.92504   0
1887  5.92819   0
1888  5.93133   0
1889  5.93447   0
1890  5.93761   0
1891  5.94075   0
1892  5.94389   0
1893  5.94703   0
1894  5.95018   0
1895  5.95332   0
1896  5.95646   0
1897  5.9596   0
1898  5.96274   0
1899  5.96588   0
1900  5.96903   0
1901  5.97217   0
1902  5.97531   0
1903  5.97845   0
1904  5.98159   0
1905  5.98473   0
1906  5.98788   0
1907  5.99102   0
1908  5.99416   0
1909  5.9973   0
1910  6.00044   0
1911  6.00358   0
1912  6.00673   0
1913  6.00987   0
1914  6.01301   0
1915  6.01615   0
1916  6.01929   0
1917  6.02243   0
1918  6.02557   0
1919  6.02872   0
1920  6.03186   0
1921  6.035   0
1922  6.03814   0
1923  6.04128   0
1924  6.04442   0
1925  6.04757   0
1926  6.05071   0
1927  6.05385   0
1928  6.05699   0
1929  6.06013   0
1930  6.06327   0
1931  6.06642   0
1932  6.06956   0
1933  6.0727   0
1934  6.07584   0
1935  6.07898   0
1936  6.08212   0
1937  6.08526   0
1938  6.08841   0
1939  6.09155   0
1940  6.09469   0
1941  6.09783   0
1942  6.10097   0
1943  6.10411   0
1944  6.10726   0
1945  6.1104   0
1946  6.11354   0
1947  6.11668   0
1948  6.11982   0
1949  6.12296   0
1950  6.12611   0
1951  6.12925   0
1952  6.13239   0
1953  6.13553   0
1954  6.13867   0
1955  6.14181   0
1956  6.14496   0
1957  6.1481   0
1958  6.15124   0
1959  6.15438   0
1960  6.15752   0
1961  6.16066   0
1962  6.1638   0
1963  6.16695   0
1964  6.17009   0
1965  6.17323   0
1966  6.17637   0
1967  6.17951   0
1968  6.18265   0
1969  6.1858   0
1970  6.18894   0
1971  6.19208   0
1972  6.19522   0
1973  6.19836   0
1974  6.2015   0
1975  6.20465   0
1976  6.20779   0
1977  6.21093   0
1978  6.21407   0
1979  6.21721   0
1980  6.22035   0
1981  6.2235   0
1982  6.22664   0
1983  6.22978   0
1984  6.23292   0
1985  6.23606   0
1986  6.2392   0
1987  6.24234   0
1988  6.24549   0
1989  6.24863   0
1990  6.25177   0
1991  6.25491   0
1992  6.25805   0
1993  6.26119   0
1994  6.26434   0
1995  6.26748   0
1996  6.27062   0
1997  6.27376   0
1998  6.2769   0
1999  6.28004   0
