#x              y         n_spin     Theta(x,y)       Phi(x,y)Moment_Size(x,y)             Sz             Sx             Sy
0              0              0        1.81122         3.2243              1      -0.238116      -0.967917      -0.080239
0              0              1       0.535036        3.14338              1        0.86025      -0.509872   -0.000909978
0              1              0        2.43006       0.649731              1      -0.757365       0.519942       0.395042
0              1              1        1.62094       0.256355              1     -0.0501196       0.966105       0.253237
0              2              0        1.41984        1.61474              1       0.150381     -0.0434316       0.987674
0              2              1        2.43923        6.20919              1      -0.763318       0.644255     -0.0477597
0              3              0        2.52203        3.76817              1      -0.814131      -0.470376      -0.340496
0              3              1        1.53216        5.88585              1      0.0386218       0.921407      -0.386676
0              4              0        1.92778         1.2432              1      -0.349449       0.301484       0.887126
0              4              1         1.5469         4.3628              1      0.0238912      -0.342417      -0.939244
0              5              0         1.0805       0.569046              1       0.470889       0.743172       0.475351
0              5              1       0.182461         5.5197              1         0.9834       0.131086      -0.125462
0              6              0        1.61648        1.49726              1     -0.0456653      0.0733952       0.996257
0              6              1        1.09977        1.57471              1       0.453801    -0.00348667       0.891096
0              7              0        1.90306       0.499764              1      -0.326185       0.829691       0.453008
0              7              1        1.37421        4.58812              1       0.195318       -0.12156      -0.973177
1              0              0        2.51921        2.43362              1      -0.812493      -0.442872       0.379103
1              0              1        1.01036         1.2746              1       0.531558       0.247231       0.810137
1              1              0       0.532305         5.5937              1       0.861639       0.391589      -0.322855
1              1              1       0.496959       0.403335              1       0.879036       0.438498        0.18712
1              2              0        0.52478       0.588802              1       0.865434       0.416653        0.27825
1              2              1       0.949602       0.730349              1       0.582007       0.605775       0.542499
1              3              0        1.37848        1.34043              1       0.191131       0.224126       0.955634
1              3              1        2.15287         3.2806              1      -0.549761      -0.827265      -0.115742
1              4              0       0.837014        3.55047              1       0.669683       -0.68143       -0.29526
1              4              1        2.28975        1.21817              1      -0.658595       0.259888       0.706195
1              5              0        1.33105        3.18691              1       0.237457      -0.970401     -0.0440065
1              5              1         2.9224        1.02109              1      -0.976073       0.113602        0.18541
1              6              0        1.90933        2.99492              1        -0.3321      -0.933117       0.137851
1              6              1        1.65295        2.76806              1     -0.0820624      -0.927905       0.363672
1              7              0        1.06257        4.94588              1       0.486627        0.20213      -0.849905
1              7              1        1.73983       0.178924              1      -0.168226       0.970012       0.175434
2              0              0        1.21879       0.926896              1       0.344778        0.56351       0.750722
2              0              1        1.64875        4.49912              1     -0.0778792      -0.211011      -0.974376
2              1              0        1.12021        5.65773              1       0.435493       0.729782      -0.527034
2              1              1        1.67553        4.83694              1      -0.104545       0.123546      -0.986816
2              2              0       0.563318        4.28112              1       0.845488      -0.223224      -0.485099
2              2              1        0.60992        3.77863              1       0.819694      -0.460453      -0.340712
2              3              0        1.67173        5.91847              1      -0.100767       0.929471      -0.354866
2              3              1        2.21622         3.9034              1      -0.601539      -0.578038      -0.551383
2              4              0        1.22382        5.97297              1       0.340052       0.895518      -0.287076
2              4              1        2.61055        2.87355              1       -0.86228      -0.488347       0.134127
2              5              0        2.73074        4.11504              1      -0.916782      -0.224637      -0.330225
2              5              1       0.981878        1.32687              1       0.555462       0.200833       0.806925
2              6              0        1.27516        5.14595              1       0.291349       0.401884      -0.868104
2              6              1        0.76573        1.12052              1       0.720877       0.301629       0.623984
2              7              0        2.29419        1.60644              1      -0.661935     -0.0267116       0.749085
2              7              1        2.06715        2.88227              1      -0.476221      -0.849924       0.225485
3              0              0        2.53506        3.05196              1      -0.821628      -0.567736       0.051027
3              0              1        2.17221        5.02762              1      -0.565809       0.255639      -0.783906
3              1              0        2.34455        2.65094              1      -0.698826      -0.630907       0.337046
3              1              1        2.86488        2.85451              1      -0.961959      -0.262013      0.0773552
3              2              0        1.76994        3.70439              1      -0.197831      -0.829052      -0.523006
3              2              1        2.95011        5.91661              1      -0.981724       0.177668      -0.068212
3              3              0        1.58491       0.909822              1     -0.0141124       0.613825       0.789316
3              3              1        2.20712        1.17316              1      -0.594244       0.311451       0.741533
3              4              0       0.708912        4.08502              1       0.759071      -0.382155      -0.527038
3              4              1       0.849369        4.47338              1       0.660457      -0.177756       -0.72952
3              5              0        1.55702        4.44679              1      0.0137758      -0.262463      -0.964844
3              5              1        2.29551        4.55951              1      -0.662923      -0.114011      -0.739956
3              6              0        2.07802        3.82095              1      -0.485756      -0.680023       -0.54919
3              6              1        1.61439        4.59895              1     -0.0435756      -0.113091      -0.992629
3              7              0        2.32392        2.62702              1      -0.683924      -0.635077       0.359062
3              7              1       0.686193        1.09932              1       0.773663       0.287781       0.564471
4              0              0        2.43409         5.5483              1      -0.759986       0.482196      -0.435785
4              0              1        2.43882        2.84161              1      -0.763054      -0.617469       0.190997
4              1              0        2.61613        2.24843              1      -0.865093      -0.314485       0.390785
4              1              1         1.8653        2.08763              1      -0.290262      -0.472853        0.83196
4              2              0        1.94966         1.0448              1      -0.369862       0.466474       0.803495
4              2              1        2.33976         1.3743              1      -0.695391       0.140298       0.704803
4              3              0        1.56705        5.60687              1     0.00374304       0.779882      -0.625916
4              3              1        1.64737         3.3066              1     -0.0764979      -0.983527      -0.163778
4              4              0        1.00239         2.4672              1       0.538288      -0.658271       0.526237
4              4              1        1.64804        5.94761              1     -0.0771695       0.941406      -0.328328
4              5              0        2.39797        4.81209              1      -0.736023      0.0673841      -0.673595
4              5              1         1.7406        1.80373              1      -0.168986      -0.227512          0.959
4              6              0        1.91258        6.24138              1      -0.335164       0.941337     -0.0393769
4              6              1        2.19962        4.30778              1      -0.588192       -0.31836      -0.743422
4              7              0       0.758361        5.23817              1       0.725964       0.345163      -0.594843
4              7              1        1.09149        4.61789              1       0.461163     -0.0837249      -0.883357
5              0              0        2.34987        3.32151              1      -0.702621      -0.700079       -0.12733
5              0              1       0.429257        1.96766              1       0.909275       -0.16087       0.383849
5              1              0        1.34726        1.72765              1       0.221682      -0.152324       0.963148
5              1              1         1.9346        2.07435              1      -0.355828      -0.450956       0.818551
5              2              0        2.54307        3.29469              1      -0.826166      -0.556836      -0.085925
5              2              1       0.280359        1.04576              1       0.960956       0.138696        0.23943
5              3              0        1.25164        1.35132              1       0.313764       0.206728       0.926723
5              3              1        1.62539        2.20611              1     -0.0545686      -0.592542       0.803689
5              4              0        2.15367        2.25666              1      -0.550427      -0.528763       0.646096
5              4              1        2.21274        3.38058              1       -0.59875      -0.778172      -0.189599
5              5              0        1.02793       0.421591              1       0.516592       0.781259       0.350381
5              5              1       0.601294        1.74184              1       0.824604     -0.0962884       0.557455
5              6              0        2.49783        0.32369              1       -0.79984       0.569043       0.190908
5              6              1        2.25351        1.49572              1      -0.630897      0.0581912       0.773681
5              7              0        1.72551        1.15893              1      -0.154095       0.395543       0.905428
5              7              1       0.499698        1.50443              1       0.877727      0.0317751       0.478105
6              0              0        1.74611        5.11139              1      -0.174413       0.382546      -0.907325
6              0              1         2.0818        5.28969              1      -0.489056       0.476045      -0.730893
6              1              0        1.47318        3.25447              1      0.0974617      -0.988905      -0.112105
6              1              1        2.24878        5.84707              1      -0.627223       0.705941      -0.328997
6              2              0        2.11332        5.45381              1      -0.516302       0.578362      -0.631609
6              2              1       0.636298        2.94708              1       0.804301      -0.583016       0.114857
6              3              0       0.207263        2.59928              1       0.978598      -0.176256       0.106207
6              3              1       0.722177        2.67614              1       0.750368      -0.590699       0.296686
6              4              0        1.49203        5.03369              1      0.0786825       0.314821      -0.945884
6              4              1        2.18008        4.04048              1      -0.572281      -0.510471      -0.641805
6              5              0        1.74251        2.32358              1      -0.170873      -0.673621       0.719053
6              5              1        3.06927        3.85724              1      -0.997386     -0.0545334     -0.0474109
6              6              0        2.20597        4.06145              1      -0.593317      -0.487756      -0.640366
6              6              1       0.794154        5.19457              1       0.700888       0.330756      -0.631947
6              7              0       0.851983        5.62676              1       0.658492       0.596183      -0.459298
6              7              1        2.17998         5.4158              1      -0.572199       0.530467      -0.625455
7              0              0        2.31315        1.74998              1      -0.676021      -0.131332       0.725085
7              0              1        1.94172        0.88787              1      -0.362474        0.58815       0.722975
7              1              0        2.11346        5.64266              1      -0.516421       0.686593      -0.511761
7              1              1        1.58286        2.50767              1     -0.0120676      -0.805654       0.592264
7              2              0       0.632306       0.657607              1       0.806667       0.467757       0.361238
7              2              1        1.07685       0.752311              1       0.474105        0.64284       0.601649
7              3              0        1.97487        1.93191              1      -0.393169       -0.32486       0.860165
7              3              1        1.27964        6.16604              1       0.287056       0.951349      -0.111955
7              4              0        1.62354         6.2626              1     -0.0527217       0.998398     -0.0205503
7              4              1         1.0454        1.07301              1       0.501558       0.413081       0.760134
7              5              0        1.05537        5.30451              1       0.492907       0.485611      -0.721959
7              5              1        1.50228        1.85142              1      0.0684617      -0.276301        0.95863
7              6              0        1.88975        5.87964              1      -0.313576       0.873291      -0.372872
7              6              1        0.62036         3.8985              1       0.813669      -0.422604      -0.399185
7              7              0        1.74725        6.07181              1      -0.175544        0.96256       -0.20655
7              7              1        1.89748        2.57162              1        -0.3209      -0.797392       0.511067
