#x              y         n_spin Theta_avg(x,y)   Phi_avg(x,y)
0              0              0         2.2315        1.89967
0              0              1       0.581996        4.75879
0              1              0        1.23929       0.852567
0              1              1        1.44524        1.05853
0              2              0       0.124281       0.648232
0              2              1       0.790111        2.46289
0              3              0      0.0962647        2.59293
0              3              1       0.505929        5.43198
1              0              0       0.633033        1.12935
1              0              1        0.32659        5.21968
1              1              0       0.624851        1.73232
1              1              1       0.744759        5.38877
1              2              0       0.866645        1.30481
1              2              1       0.933158        3.11094
1              3              0       0.873909        2.83015
1              3              1       0.107029        2.75945
2              0              0        1.25113        1.19434
2              0              1       0.958318       0.780017
2              1              0       0.956674        3.59905
2              1              1        1.42213         2.3334
2              2              0       0.425047        5.60979
2              2              1        1.32217       0.275972
2              3              0       0.948418        4.50933
2              3              1       0.844131        1.60507
3              0              0        1.42674          1.574
3              0              1        1.55316        4.30912
3              1              0       0.743528       0.837244
3              1              1        2.49107        1.46429
3              2              0        1.46629        5.96005
3              2              1        1.20553       0.522364
3              3              0        0.69258        3.07793
3              3              1       0.856316        2.73564
