#x              y         n_spin     Theta(x,y)       Phi(x,y)Moment_Size(x,y)             Sz             Sx             Sy
0              0              0         2.3521        2.30267              1      -0.704208      -0.474466       0.528179
0              0              1       0.355082        6.20482              1       0.937618       0.346601     -0.0272155
0              1              0        1.02898        1.47485              1       0.515696      0.0820792       0.852831
0              1              1       0.646512        3.46747              1        0.79819        -0.5707      -0.192857
0              2              0       0.655023        1.75638              1       0.793034      -0.112404       0.598717
0              2              1       0.890532        3.45361              1       0.628999       -0.73987      -0.238648
0              3              0        2.28145        2.08283              1      -0.652332      -0.371347       0.660729
0              3              1       0.481883        5.99915              1       0.886124       0.444879      -0.129873
1              0              0       0.939653        3.63677              1       0.590068      -0.710378      -0.383643
1              0              1       0.916477        3.78683              1       0.608619      -0.633944      -0.477178
1              1              0       0.488784       0.756267              1       0.882905       0.341554       0.322212
1              1              1       0.258196        3.60331              1       0.966852        -0.2286      -0.113748
1              2              0        2.85359       0.739695              1      -0.958812       0.209814       0.191462
1              2              1        0.41555       0.238658              1       0.914895       0.392251      0.0954324
1              3              0        1.26309        5.46263              1       0.302869       0.649791      -0.697167
1              3              1        1.77483        2.18862              1      -0.202625      -0.567245       0.798233
2              0              0       0.634988        2.09119              1       0.805079      -0.294937       0.514645
2              0              1       0.651864        2.26977              1       0.794954       -0.39035       0.464408
2              1              0        2.99854        1.57404              1      -0.989786   -0.000462692       0.142561
2              1              1        1.52862         2.1066              1      0.0421603      -0.510076       0.859095
2              2              0        1.02811        1.92635              1       0.516442      -0.298097       0.802761
2              2              1        1.76508        5.87013              1      -0.193064       0.898669      -0.393854
2              3              0        1.31476        2.50599              1       0.253249      -0.778483       0.574307
2              3              1       0.832672         1.3053              1       0.672901       0.194095       0.713814
3              0              0        1.34519        1.12551              1         0.2237       0.419799       0.879617
3              0              1        1.85002       0.544405              1      -0.275612       0.822304        0.49785
3              1              0       0.190485        3.47498              1       0.981913       -0.17891      -0.061959
3              1              1        1.24882        1.57463              1       0.316445    -0.00363287       0.948604
3              2              0        1.91726        1.13786              1      -0.339571       0.394612       0.853799
3              2              1        1.12748         3.6402              1       0.428939      -0.793352      -0.431976
3              3              0        1.07161        1.58769              1       0.478707     -0.0148271       0.877849
3              3              1        1.58215       0.646321              1     -0.0113551       0.798253       0.602215
