#x              y         n_spin     Theta(x,y)       Phi(x,y)Moment_Size(x,y)             Sz             Sx             Sy
0              0              0        2.96964        4.17609              1      -0.985253     -0.0874257       -0.14708
0              0              1        1.02962         5.4911              1       0.515142       0.601996      -0.610106
0              1              0       0.631134        3.75496              1       0.807359      -0.482503      -0.339651
0              1              1        2.54808        5.86975              1      -0.828982       0.512154      -0.224693
0              2              0         2.8447        3.33641              1       -0.95625      -0.287016     -0.0566354
0              2              1        2.54872         3.9891              1       -0.82934      -0.369808      -0.418852
0              3              0       0.392842        3.27544              1       0.923825      -0.379391     -0.0510856
0              3              1        1.38282        4.05259              1       0.186867      -0.602158        -0.7762
1              0              0        2.93226        2.12824              1      -0.978169      -0.109935       0.176349
1              0              1       0.199684        3.40188              1       0.980129      -0.191678     -0.0510494
1              1              0        1.89465        1.65914              1      -0.318219     -0.0836436        0.94432
1              1              1        2.00473        3.18726              1      -0.420439      -0.906375     -0.0414225
1              2              0        2.48083        1.35785              1      -0.789525       0.129702       0.599857
1              2              1        1.80489        2.59619              1      -0.231961      -0.831599       0.504615
1              3              0        2.55598       0.241476              1      -0.833373       0.536674       0.132173
1              3              1        2.88118        2.36796              1      -0.966284      -0.184195        0.17991
2              0              0       0.829578        1.51586              1       0.675187      0.0405063       0.736533
2              0              1         1.4153       0.084346              1       0.154867       0.984423      0.0832296
2              1              0       0.917313       0.889819              1       0.607956       0.499847       0.616882
2              1              1        1.97504        4.81384              1       -0.39332       0.093112      -0.914674
2              2              0        1.13517        2.18105              1       0.421974      -0.519558       0.742965
2              2              1         1.3329        1.25304              1       0.235658       0.303634       0.923186
2              3              0       0.866776        2.87692              1       0.647288      -0.735704       0.199396
2              3              1        1.25608        2.83889              1       0.309547      -0.907652       0.283457
3              0              0        1.30032         2.2904              1       0.267194      -0.635124       0.724724
3              0              1        1.95268        3.80574              1      -0.372674       -0.73072      -0.571981
3              1              0       0.381897        2.21572              1       0.927959      -0.224031       0.297828
3              1              1       0.459471        4.22179              1       0.896287      -0.208944      -0.391166
3              2              0        2.56198        5.52855              1      -0.836676       0.399011      -0.375184
3              2              1       0.837355        2.70034              1        0.66943       -0.67172       0.317263
3              3              0        1.47844        3.78952              1      0.0922226      -0.793938      -0.600964
3              3              1        1.52726         5.2589              1      0.0435197       0.519217      -0.853534
