#x              y         n_spin     Theta(x,y)       Phi(x,y)Moment_Size(x,y)             Sz             Sx             Sy
0              0              0        2.80175        1.45037              1      -0.942807      0.0400468       0.330925
0              0              1       0.801454       0.291976              1       0.695663       0.687965       0.206779
0              1              0       0.527927        1.01523              1       0.863853       0.265686       0.427982
0              1              1        1.50563        2.57162              1       0.065117      -0.840126       0.538468
0              2              0       0.326592        2.72326              1       0.947141      -0.293151       0.130329
0              2              1        1.00981        5.30391              1       0.532021       0.472158      -0.702865
0              3              0       0.575496        5.53882              1       0.838922       0.400306      -0.368733
0              3              1       0.921118        4.30504              1        0.60493      -0.315468      -0.731122
1              0              0        1.13409         6.1995              1       0.422961       0.902976     -0.0757468
1              0              1        2.29707        1.83677              1       -0.66409       -0.19652       0.721363
1              1              0       0.201961        3.33615              1       0.979675      -0.196807     -0.0387808
1              1              1         1.7004       0.041607              1      -0.129239       0.990755      0.0412462
1              2              0       0.960476        3.87537              1        0.57313      -0.608576      -0.548778
1              2              1       0.990199       0.370173              1       0.548524       0.779499       0.302495
1              3              0        1.27141        5.80254              1       0.294933       0.847253      -0.441788
1              3              1        1.08355       0.171785              1       0.468191       0.870621       0.151048
2              0              0        1.00933       0.824072              1       0.532429       0.574958       0.621243
2              0              1       0.893295          5.521              1       0.626848       0.563575      -0.538001
2              1              0        2.60398       0.341303              1      -0.858932       0.482552       0.171404
2              1              1        0.39323        2.63297              1       0.923676       -0.33467       0.186597
2              2              0       0.622021        6.07575              1       0.812702       0.570188      -0.120002
2              2              1       0.599716        4.07424              1       0.825496      -0.336223      -0.453333
2              3              0         1.0568        2.81087              1       0.491661      -0.823597       0.282768
2              3              1       0.616347         2.3818              1       0.815996       -0.41908       0.398149
3              0              0        1.17281       0.271643              1       0.387566        0.88804       0.247343
3              0              1        2.27874       0.560949              1      -0.650271       0.643278       0.404154
3              1              0        1.42193       0.432668              1       0.148316        0.89781       0.414657
3              1              1         2.5202       0.408373              1      -0.813069       0.534295       0.231188
3              2              0        2.14657         1.4747              1      -0.544486      0.0804791         0.8349
3              2              1       0.538136        6.09784              1       0.858665       0.503758     -0.0944541
3              3              0       0.460015        1.79383              1       0.896046     -0.0981977       0.432965
3              3              1        1.59893        1.10858              1     -0.0281332       0.445757       0.894712
