#x              y         n_spin Theta_avg(x,y)   Phi_avg(x,y)
0              0              0        3.01846         2.6814
0              0              1       0.999738        5.66465
0              1              0       0.561147        3.44426
0              1              1        2.47986        5.57438
0              2              0        2.73582        3.42778
0              2              1        2.74855        3.78716
0              3              0       0.485817        3.08111
0              3              1        1.51151        4.22493
1              0              0        2.92651        2.00801
1              0              1       0.258926        3.54195
1              1              0        1.85704        1.64968
1              1              1        1.76884        2.96735
1              2              0        2.59185       0.964071
1              2              1        1.72919        2.84321
1              3              0        2.42597       0.161962
1              3              1        2.85203        2.70023
2              0              0       0.919655        1.41555
2              0              1        1.59033        3.08323
2              1              0        1.06073         1.0043
2              1              1        2.12819        4.54034
2              2              0        1.19242        2.16809
2              2              1        1.32578        1.43916
2              3              0       0.826304        2.84041
2              3              1        1.39493        3.18851
3              0              0        1.28498        2.62663
3              0              1        2.17329        3.71571
3              1              0       0.320437        2.44922
3              1              1       0.360139         4.2927
3              2              0        2.43387        5.45473
3              2              1        1.02524        2.78267
3              3              0        1.37667        3.81583
3              3              1        1.47753         5.1413
