#x              y         n_spin     Theta(x,y)       Phi(x,y)Moment_Size(x,y)             Sz             Sx             Sy
0              0              0        3.06727        1.18671              1      -0.997239      0.0278246      0.0688463
0              0              1       0.969852        5.83821              1       0.565421       0.744483      -0.355026
0              1              0       0.491159        3.13356              1       0.881787      -0.471633      0.0037909
0              1              1        2.41164        5.27902              1      -0.745205       0.357952       -0.56262
0              2              0        2.62694        3.51914              1      -0.870464      -0.457565       -0.18146
0              2              1        2.94839        3.58522              1      -0.981394      -0.173421     -0.0824131
0              3              0       0.578792        2.88678              1       0.837124       -0.52935       0.137882
0              3              1         1.6402        4.39727              1     -0.0693526      -0.309179      -0.948472
1              0              0        2.92077        1.88777              1      -0.975717     -0.0682728       0.208125
1              0              1       0.318169        3.68203              1        0.94981      -0.268245      -0.160952
1              1              0        1.81944        1.64021              1      -0.246087     -0.0672277       0.966914
1              1              1        1.53295        2.74744              1      0.0378367       -0.92266       0.383753
1              2              0        2.70287        0.57029              1      -0.905297       0.357555       0.229328
1              2              1        1.65348        3.09023              1     -0.0825919      -0.995269      0.0511625
1              3              0        2.29596       0.082449              1      -0.663258       0.745849      0.0616342
1              3              1        2.82287         3.0325              1      -0.949638      -0.311488      0.0341172
2              0              0        1.00973        1.31525              1       0.532088       0.214018       0.819194
2              0              1        1.76535        6.08212              1      -0.193333       0.961367      -0.195948
2              1              0        1.20415        1.11879              1       0.358488       0.407745        0.83978
2              1              1        2.28134        4.26685              1      -0.652246      -0.326659       -0.68401
2              2              0        1.24967        2.15513              1        0.31564      -0.523446       0.791439
2              2              1        1.31865        1.62528              1       0.249483     -0.0527337       0.966942
2              3              0       0.785832        2.80389              1         0.7068      -0.667458       0.234381
2              3              1        1.53378        3.53812              1       0.037007      -0.921774      -0.385957
3              0              0        1.26964        2.96285              1       0.296624       -0.93978       0.169787
3              0              1        2.39389        3.62568              1      -0.733254      -0.601829      -0.316449
3              1              0       0.258976        2.68273              1       0.966653        -0.2296        0.11343
3              1              1       0.260807        4.36361              1       0.966182     -0.0881251      -0.242334
3              2              0        2.30576         5.3809              1      -0.670561       0.459814      -0.582167
3              2              1        1.21313        2.86501              1       0.350089      -0.901116       0.255789
3              3              0        1.27489        3.84213              1       0.291603       -0.73127      -0.616614
3              3              1        1.42779        5.02371              1       0.142518       0.303186      -0.942214
