#x              y         n_spin Theta_avg(x,y)   Phi_avg(x,y)
0              0              0        2.81181        1.56189
0              0              1       0.693546        3.12976
0              1              0       0.549636          0.896
0              1              1        1.53725        2.31489
0              2              0       0.242098        3.08196
0              2              1        1.05625        5.68963
0              3              0       0.590249        5.69986
0              3              1       0.810489        4.50919
1              0              0       0.998135        3.25569
1              0              1        2.26448        2.12989
1              1              0       0.212446        3.33051
1              1              1        1.47139       0.138127
1              2              0       0.933656        3.77256
1              2              1       0.936957       0.357168
1              3              0        1.22295        5.51442
1              3              1        1.09437        0.32764
2              0              0         1.0868       0.916558
2              0              1       0.974928        5.80653
2              1              0        2.57417       0.593506
2              1              1       0.455645        2.53038
2              2              0       0.479941         5.9364
2              2              1       0.560216        4.15948
2              3              0        1.06798        2.45768
2              3              1       0.620541         2.3241
3              0              0        1.04454       0.353154
3              0              1        2.43329       0.629375
3              1              0        1.47092        0.55767
3              1              1        2.47209       0.328075
3              2              0        2.11566        1.72592
3              2              1       0.555849        5.93811
3              3              0       0.567662        1.56463
3              3              1        1.66515        1.58354
