#x              y         n_spin Theta_avg(x,y)   Phi_avg(x,y)
0              0              0        1.75012        1.64953
0              0              1        1.43986        4.79498
0              1              0        1.71311        1.65517
0              1              1        1.42456        4.81331
0              2              0        1.71709        1.66149
0              2              1        1.43904        4.80124
0              3              0        1.72724        1.64513
0              3              1        1.40386        4.80203
1              0              0        1.72366        1.64563
1              0              1        1.40506        4.81071
1              1              0        1.73346        1.65781
1              1              1        1.41188        4.77896
1              2              0        1.72869        1.64545
1              2              1        1.40994        4.81031
1              3              0        1.73744        1.65651
1              3              1        1.40612        4.78892
2              0              0        1.71558        1.66188
2              0              1        1.43034        4.80377
2              1              0        1.71241        1.66186
2              1              1        1.41942        4.80969
2              2              0        1.71384         1.6634
2              2              1        1.42379        4.79507
2              3              0        1.72663         1.6615
2              3              1         1.4028        4.81042
3              0              0         1.7069        1.66654
3              0              1        1.43111        4.79627
3              1              0         1.7059        1.67164
3              1              1        1.45018        4.80777
3              2              0         1.6998         1.6634
3              2              1        1.43227        4.80947
3              3              0        1.72058        1.65464
3              3              1        1.41693         4.8014
