#x              y         n_spin     Theta(x,y)       Phi(x,y)Moment_Size(x,y)             Sz             Sx             Sy
0              0              0        1.75896        1.63368              1      -0.187059     -0.0617282       0.980407
0              0              1        1.43998        4.80023              1       0.130442      0.0869791      -0.987633
0              1              0        1.77226        1.66181              1      -0.200103     -0.0890454        0.97572
0              1              1         1.4315        4.81593              1       0.138851       0.102359      -0.985009
0              2              0        1.68515        1.65995              1      -0.114109      -0.088456       0.989522
0              2              1        1.45061        4.79756              1       0.119901      0.0844568      -0.989187
0              3              0        1.73014           1.65              1      -0.158674     -0.0781178       0.984236
0              3              1        1.42107        4.76397              1       0.149164      0.0509777      -0.987498
1              0              0        1.72801        1.64494              1      -0.156564     -0.0731579       0.984955
1              0              1        1.39327        4.82861              1       0.176593        0.11414      -0.977644
1              1              0        1.73346        1.65781              1      -0.161946     -0.0857575       0.983066
1              1              1        1.41188        4.77896              1       0.158253      0.0656788      -0.985212
1              2              0        1.72788         1.6334              1       -0.15644     -0.0617882       0.985753
1              2              1        1.41864        4.80772              1       0.151566      0.0940909      -0.983959
1              3              0        1.72742        1.67124              1       -0.15598     -0.0990435       0.982782
1              3              1        1.41504        4.80575              1       0.155124      0.0920931      -0.983593
2              0              0        1.72471        1.64985              1      -0.153308     -0.0780344       0.985093
2              0              1        1.41915        4.80314              1       0.151062      0.0895854      -0.984457
2              1              0        1.73055        1.65047              1       -0.15908     -0.0785804       0.984134
2              1              1         1.4216        4.80376              1       0.148647       0.090232      -0.984765
2              2              0        1.72018        1.66316              1      -0.148824     -0.0912013       0.984649
2              2              1        1.39478        4.77998              1       0.175111      0.0664961      -0.982301
2              3              0        1.73511        1.66721              1      -0.163574      -0.094966        0.98195
2              3              1        1.37415        4.78579              1       0.195383      0.0719245      -0.978086
3              0              0        1.71809        1.66095              1      -0.146765     -0.0890569       0.985154
3              0              1        1.42872        4.79255              1       0.141601      0.0792703      -0.986745
3              1              0        1.69957        1.67589              1      -0.128422      -0.104032       0.986248
3              1              1        1.45213        4.81899              1       0.118393       0.105656       -0.98733
3              2              0        1.68436        1.67546              1      -0.113317      -0.103799       0.988122
3              2              1        1.44332        4.81302              1       0.127132      0.0996423      -0.986868
3              3              0        1.70145         1.6436              1      -0.130282     -0.0721149       0.988851
3              3              1        1.41693         4.8014              1       0.153263       0.087839      -0.984274
