#x              y         n_spin Theta_avg(x,y)   Phi_avg(x,y)
0              0              0        1.71753        3.39996
0              0              1        1.34597        2.72456
0              1              0        1.41851        2.68696
0              1              1        1.49629        2.84479
0              2              0        1.85753         3.3286
0              2              1        1.43852        3.67099
0              3              0        1.50562        3.10672
0              3              1        1.42524        4.21325
0              4              0        1.71946        3.62092
0              4              1        1.84636        4.27474
0              5              0        1.61274        3.61755
0              5              1         1.3211        3.07263
0              6              0        1.51826        3.17185
0              6              1          1.458        1.99099
0              7              0        1.81794        2.97676
0              7              1        1.28852        4.02174
1              0              0        1.73468        2.65924
1              0              1        1.39714        2.54217
1              1              0        1.41248        3.23288
1              1              1        1.66601        2.71187
1              2              0        1.69734        2.89456
1              2              1        1.85992        3.34529
1              3              0        1.63568        2.67849
1              3              1        1.77336        2.52873
1              4              0         2.1906        3.53978
1              4              1        1.68315        2.73437
1              5              0         1.6408         3.9936
1              5              1        1.51738        4.17524
1              6              0          1.636        2.51148
1              6              1        1.70967        2.88047
1              7              0        1.35251        3.43183
1              7              1        1.54251        2.22875
2              0              0        1.81106        2.67443
2              0              1        1.53844        3.28932
2              1              0        1.50485         3.6451
2              1              1        1.55902        3.59841
2              2              0        1.42553        2.88631
2              2              1        1.54096         3.2765
2              3              0        1.37165        3.09881
2              3              1        1.82257        3.19733
2              4              0        1.61758        4.08914
2              4              1        1.66854        2.63998
2              5              0        1.49127        3.00509
2              5              1        1.36061        3.04738
2              6              0        1.39816        2.59592
2              6              1        1.48134        3.21171
2              7              0        1.25595        3.12802
2              7              1        1.58867        3.19281
3              0              0        1.16651        3.73645
3              0              1        1.84359        4.16011
3              1              0        1.77679        2.07557
3              1              1        1.43571         2.6539
3              2              0        1.23079        3.60499
3              2              1        1.94501          4.403
3              3              0        1.55308        3.41485
3              3              1         1.9441        2.97503
3              4              0        1.45267        2.46623
3              4              1        1.50977         3.1159
3              5              0         1.6014        2.55566
3              5              1        1.30588        3.10466
3              6              0        1.73179        3.81869
3              6              1        1.51453         3.5034
3              7              0        1.66067        3.07131
3              7              1           1.56        3.01036
4              0              0         1.5685        3.20683
4              0              1        1.81872        3.79934
4              1              0        1.57522        3.29722
4              1              1         1.5664        2.86947
4              2              0        1.81458        3.81369
4              2              1        1.95621        2.57946
4              3              0        1.76545        3.51774
4              3              1        1.73684        3.16946
4              4              0        1.52029        2.74616
4              4              1        1.81884        4.02372
4              5              0        1.84451        2.57145
4              5              1        1.22136         3.2476
4              6              0        1.69501        3.41668
4              6              1        1.74161        3.74724
4              7              0        1.99908        3.33398
4              7              1        1.75108        2.88542
5              0              0        1.69646        3.46848
5              0              1         1.2907        4.10693
5              1              0        1.67314        2.59919
5              1              1        1.76702        2.58922
5              2              0        1.72042        3.31565
5              2              1        1.49965        3.00421
5              3              0        1.49086        3.17162
5              3              1        1.72781        2.69683
5              4              0        1.47569        2.80834
5              4              1        1.48251        3.05651
5              5              0        1.32233        2.56621
5              5              1        1.60079        3.12239
5              6              0        1.55679        2.41365
5              6              1        1.67466        3.40099
5              7              0        1.47623        3.15329
5              7              1        1.14138        2.91783
6              0              0        1.64647        2.89657
6              0              1        1.84187        3.42704
6              1              0        1.85541        2.84148
6              1              1        1.72226        3.80383
6              2              0        1.48132        3.47838
6              2              1        1.57889        2.97849
6              3              0        1.68085        3.44496
6              3              1        1.47847        3.41334
6              4              0        1.71885        4.55384
6              4              1        1.35256        4.25691
6              5              0        1.82783        2.49833
6              5              1        2.04927        2.60976
6              6              0        1.32215         3.8621
6              6              1        1.40753        3.69847
6              7              0        1.74134        2.92916
6              7              1        1.75835        3.60806
7              0              0        1.59439         2.0961
7              0              1        1.71198        3.28277
7              1              0        1.76541        2.67018
7              1              1        1.78681        2.71137
7              2              0        1.08976        3.26475
7              2              1        1.57096        3.60467
7              3              0        2.15903        2.59945
7              3              1        1.65342         3.6269
7              4              0        1.59276        3.48308
7              4              1        1.74335        3.30447
7              5              0        1.32212        4.04682
7              5              1        1.94254        4.24127
7              6              0        1.36776        3.33879
7              6              1        1.48752         3.1743
7              7              0        1.78221        4.43273
7              7              1        1.50616        2.65328
