#x              y         n_spin     Theta(x,y)       Phi(x,y)Moment_Size(x,y)             Sz             Sx             Sy
0              0              0        1.47742       0.127408              1      0.0932381       0.987574        0.12651
0              0              1        1.85085        3.20483              1      -0.276406       -0.95912      -0.060738
0              1              0        1.30179       0.155074              1       0.265771       0.952468       0.148898
0              1              1        1.66524        3.96216              1     -0.0943074      -0.678766      -0.728274
0              2              0        1.42418        6.25882              1       0.146094       0.988977     -0.0241046
0              2              1        1.86764        3.01908              1      -0.292505      -0.949096       0.116864
0              3              0        1.51942        6.11319              1       0.051351       0.984285      -0.168957
0              3              1        1.59963        4.06647              1     -0.0288345      -0.601681      -0.798216
1              0              0        1.35889       0.861407              1       0.210327         0.6368       0.741787
1              0              1        1.84584        3.24524              1      -0.271592      -0.957247      -0.099577
1              1              0        1.36928       0.841794              1       0.200152       0.652646       0.730747
1              1              1        1.68965        4.01184              1      -0.118579      -0.640089      -0.759095
1              2              0        1.41162       0.832927              1       0.158509       0.664209       0.730549
1              2              1        1.71848        3.11998              1      -0.147146      -0.988884      0.0213718
1              3              0        1.33098       0.967544              1       0.237529       0.551087       0.799927
1              3              1        1.58613         4.1012              1     -0.0153299       -0.57377      -0.818873
2              0              0        1.45944       0.236695              1       0.111129       0.966097       0.233038
2              0              1        1.78686        3.42455              1      -0.214389      -0.937907      -0.272704
2              1              0        1.53889       0.254785              1      0.0318977       0.967225       0.251909
2              1              1        1.59042         3.9671              1     -0.0196234      -0.678052      -0.734752
2              2              0        1.43148       0.220734              1       0.138863       0.966284       0.216825
2              2              1        1.75949        3.31864              1      -0.187572      -0.966897      -0.172996
2              3              0        1.52071      0.0433221              1      0.0500689       0.997809      0.0432543
2              3              1        1.57527        3.95633              1    -0.00447097      -0.686054      -0.727537
3              0              0        1.38219       0.853918              1       0.187488       0.645383       0.740492
3              0              1        1.75822        3.32673              1      -0.186328      -0.965697      -0.180862
3              1              0        1.45043       0.747736              1       0.120077       0.727925        0.67506
3              1              1         1.5471        4.02733              1      0.0236938      -0.632537      -0.774167
3              2              0        1.42944       0.911622              1       0.140882       0.606356       0.782614
3              2              1        1.87901        3.35965              1      -0.303356      -0.930313      -0.206138
3              3              0        1.38387        1.01068              1       0.185841       0.522033       0.832433
3              3              1        1.58884        4.00171              1     -0.0180387      -0.652246      -0.757793
