#x              y         n_spin     Theta(x,y)       Phi(x,y)Moment_Size(x,y)             Sz             Sx             Sy
0              0              0        2.28517        1.66016              1      -0.655142     -0.0674215       0.752491
0              0              1       0.645153         4.8938              1       0.799008       0.108489      -0.591453
0              1              0        1.23925       0.882055              1       0.325509       0.600952       0.730001
0              1              1        1.24976        1.36849              1       0.315551       0.190667       0.929556
0              2              0      0.0116796       0.890173              1       0.999932     0.00734954     0.00907695
0              2              1       0.527929        2.36113              1       0.863852      -0.357955        0.35444
0              3              0      0.0272789        2.86898              1       0.999628     -0.0262683     0.00734385
0              3              1       0.493553        5.67891              1       0.880655       0.389862      -0.269173
1              0              0       0.510015       0.781644              1       0.872737       0.346497       0.343904
1              0              1       0.349169        5.23171              1       0.939657       0.169788      -0.297011
1              1              0       0.746033        1.71178              1       0.734387     -0.0953758       0.671996
1              1              1       0.582335        6.02941              1       0.835181       0.532361      -0.138076
1              2              0       0.758882        1.51662              1       0.725606      0.0372635       0.687101
1              2              1       0.997075        6.06743              1       0.542761       0.820414      -0.179811
1              3              0       0.839539        2.81435              1       0.667806      -0.704834       0.239257
1              3              1      0.0882647        2.98243              1       0.996107     -0.0870359      0.0139713
2              0              0        1.21317        1.49923              1       0.350051      0.0669799       0.934333
2              0              1       0.744443       0.689555              1       0.735466       0.522759       0.431061
2              1              0       0.994838        3.40831              1       0.544639      -0.809016      -0.221045
2              1              1        1.35579         2.3949              1       0.213358       -0.71704       0.663575
2              2              0       0.633612        5.74728              1       0.805894       0.509057      -0.302317
2              2              1        1.27188        0.35097              1       0.294486       0.897398       0.328563
2              3              0       0.802021        4.17223              1       0.695256      -0.369639       -0.61643
2              3              1       0.829836        1.47652              1       0.674997      0.0694591       0.734544
3              0              0        1.57016        1.84813              1    0.000632636      -0.273789        0.96179
3              0              1        1.62157        4.38425              1     -0.0507504      -0.321863      -0.945425
3              1              0       0.784134       0.538937              1          0.708        0.60611       0.362445
3              1              1        2.41824        1.35051              1      -0.749589        0.14463       0.645909
3              2              0        1.49714        5.94952              1      0.0735864       0.942286      -0.326622
3              2              1        1.07583       0.303636              1       0.475001       0.839731       0.263109
3              3              0       0.533744        6.08385              1       0.860909       0.498685      -0.100745
3              3              1        1.04216        2.86479              1       0.504359      -0.830625       0.235976
