#x              y         n_spin     Theta(x,y)       Phi(x,y)Moment_Size(x,y)             Sz             Sx             Sy
0              0              0        2.17784        2.13919              1      -0.570438       -0.44211       0.692199
0              0              1       0.518839        4.62378              1       0.868395     -0.0438832      -0.493927
0              1              0        1.23933       0.823079              1       0.325426       0.642954       0.693331
0              1              1        1.64073       0.748575              1     -0.0698719       0.730869       0.678932
0              2              0       0.236883       0.406291              1       0.972074        0.21557      0.0927444
0              2              1        1.05229        2.56465              1       0.495581      -0.727972       0.473769
0              3              0        0.16525        2.31688              1       0.986377      -0.111657         0.1208
0              3              1       0.518306        5.18505              1        0.86866       0.225538      -0.441093
1              0              0       0.756051        1.47705              1       0.727551      0.0642203       0.683041
1              0              1       0.304012        5.20765              1       0.954143       0.142269      -0.263382
1              1              0       0.503669        1.75286              1       0.875818     -0.0873877       0.474665
1              1              1       0.907183        4.74813              1       0.615967      0.0281535      -0.787268
1              2              0       0.974407          1.093              1       0.561658       0.380445       0.734712
1              2              1       0.869242       0.154451              1       0.645406       0.754747       0.117507
1              3              0       0.908279        2.84595              1       0.615104       -0.75424       0.229717
1              3              1       0.125793        2.53647              1       0.992099      -0.103184      0.0713698
2              0              0         1.2891        0.88945              1       0.277989       0.605013       0.746111
2              0              1        1.17219       0.870478              1       0.388131       0.593938       0.704693
2              1              0        0.91851        3.78979              1       0.607005      -0.633514      -0.479797
2              1              1        1.48847         2.2719              1      0.0822358      -0.642875       0.761544
2              2              0       0.216482         5.4723              1       0.976659       0.147964      -0.155704
2              2              1        1.37245       0.200973              1       0.197047       0.960662       0.195709
2              3              0        1.09482        4.84643              1        0.45821       0.118788       -0.88087
2              3              1       0.858426        1.73362              1       0.653629      -0.122685       0.746805
3              0              0        1.28332        1.29988              1       0.283537       0.256633       0.923984
3              0              1        1.48474        4.23398              1       0.085946      -0.458666      -0.884443
3              1              0       0.702922        1.13555              1       0.762956       0.272565       0.586179
3              1              1        2.56389        1.57807              1      -0.837721    -0.00397449       0.546083
3              2              0        1.43543        5.97059              1       0.134954       0.942833      -0.304717
3              2              1        1.33524       0.741092              1       0.233388       0.717358        0.65645
3              3              0       0.851416      0.0720209              1       0.658919       0.750264      0.0541283
3              3              1       0.670476        2.60649              1       0.783526      -0.534502       0.316851
