#x              y         n_spin     Theta(x,y)       Phi(x,y)Moment_Size(x,y)             Sz             Sx             Sy
0              0              0        2.82186        1.67342              1      -0.949321     -0.0321996       0.312655
0              0              1       0.585638        5.96755              1        0.83336       0.525425       -0.17158
0              1              0       0.571345       0.776767              1       0.841175       0.385664       0.379063
0              1              1        1.56886        2.05817              1     0.00193649      -0.468302       0.883566
0              2              0       0.157604        3.44066              1       0.987606      -0.149985     -0.0462429
0              2              1        1.10269        6.07536              1       0.451196       0.873221      -0.184138
0              3              0       0.605001        5.86089              1       0.822502       0.518798      -0.233109
0              3              1       0.699859        4.71334              1       0.764933    0.000612094       -0.64411
1              0              0       0.862185        0.31188              1        0.65078       0.722638       0.232979
1              0              1        2.23189          2.423              1      -0.613979      -0.594151       0.519628
1              1              0        0.22293        3.32488              1       0.975254      -0.217385     -0.0402953
1              1              1        1.24238       0.234647              1       0.322542       0.920616       0.220074
1              2              0       0.906837        3.66975              1        0.61624      -0.680245      -0.396882
1              2              1       0.883715       0.344163              1       0.634284       0.727765       0.260851
1              3              0         1.1745        5.22631              1       0.386007       0.453492      -0.803333
1              3              1        1.10518       0.483495              1        0.44897       0.791125       0.415389
2              0              0        1.16427        1.00904              1       0.395419       0.489257       0.777349
2              0              1        1.05656        6.09207              1        0.49187       0.854816      -0.165389
2              1              0        2.54436       0.845709              1      -0.826893       0.372957       0.420893
2              1              1       0.518059        2.42778              1       0.868782      -0.374305       0.324213
2              2              0       0.337861        5.79705              1       0.943466       0.293068      -0.154865
2              2              1       0.520715        4.24472              1       0.867464      -0.224278      -0.444079
2              3              0        1.07917         2.1045              1       0.472062      -0.448472       0.758967
2              3              1       0.624735        2.26639              1       0.811118      -0.374817       0.448998
3              0              0       0.916278       0.434665              1       0.608777       0.719569       0.334081
3              0              1        2.58784       0.697802              1      -0.850557       0.402961       0.337898
3              1              0        1.51992       0.682673              1      0.0508579       0.774885       0.630053
3              1              1        2.42398       0.247778              1      -0.753376       0.637507       0.161274
3              2              0        2.08474        1.97714              1      -0.491616      -0.344195       0.799902
3              2              1       0.573562        5.77837              1       0.839973       0.474943      -0.262438
3              3              0       0.675309        1.33543              1       0.780514       0.145779       0.607903
3              3              1        1.73136         2.0585              1      -0.159876      -0.462572       0.872048
